     6.500      2.000      2.250      2.000      0.000      0.001      0.999      0.000      3.000
     6.250      3.000      3.750      3.000      0.065      0.935      0.000      0.000      2.000
     5.750      3.667      3.500      3.750      0.962      0.037      0.000      0.001      1.000
     5.500      2.667      3.000      2.500      0.000      0.844      0.155      0.000      2.000
     5.500      4.000      3.500      3.750      0.976      0.022      0.000      0.001      1.000
     6.500      3.667      3.250      3.500      0.688      0.312      0.000      0.000      1.000
     5.250      1.000      1.750      1.000      0.000      0.000      1.000      0.000      3.000
     7.000      3.333      4.000      2.750      0.027      0.973      0.000      0.000      2.000
     6.500      2.333      2.500      2.000      0.000      0.004      0.996      0.000      3.000
     7.000      3.000      3.000      3.500      0.316      0.684      0.000      0.000      2.000
     6.000      2.333      3.750      2.500      0.001      0.986      0.013      0.000      2.000
     4.750      2.667      2.000      2.000      0.000      0.001      0.999      0.000      3.000
     6.750      2.667      3.750      2.750      0.007      0.993      0.001      0.000      2.000
     6.250      3.667      4.000      3.000      0.237      0.763      0.000      0.000      2.000
     5.250      4.000      4.250      5.000      0.044      0.000      0.000      0.956      4.000
     6.500      5.000      4.000      4.500      0.082      0.000      0.000      0.918      4.000
     6.250      1.333      2.250      1.750      0.000      0.000      1.000      0.000      3.000
     7.000      4.000      3.250      3.500      0.766      0.233      0.000      0.000      1.000
     5.750      1.667      2.250      1.500      0.000      0.000      1.000      0.000      3.000
     6.250      2.667      4.000      1.500      0.000      0.152      0.848      0.000      3.000
     5.000      4.000      3.000      3.000      0.065      0.935      0.000      0.000      2.000
     6.000      4.000      3.750      2.750      0.047      0.953      0.000      0.000      2.000
     5.500      2.667      2.750      1.250      0.000      0.000      1.000      0.000      3.000
     4.750      2.333      3.000      1.750      0.000      0.004      0.996      0.000      3.000
     5.500      4.000      3.500      4.000      0.990      0.004      0.000      0.006      1.000
     6.750      4.333      4.250      4.500      0.158      0.000      0.000      0.842      4.000
     5.750      4.000      3.250      3.250      0.393      0.607      0.000      0.000      2.000
     6.250      3.667      3.500      2.000      0.000      0.952      0.048      0.000      2.000
     5.250      3.000      2.750      3.000      0.009      0.987      0.004      0.000      2.000
     5.750      2.333      2.000      2.000      0.000      0.000      1.000      0.000      3.000
     6.750      3.000      3.500      3.250      0.188      0.812      0.000      0.000      2.000
     5.750      2.667      4.000      2.500      0.002      0.996      0.002      0.000      2.000
     6.000      4.333      3.750      3.000      0.326      0.674      0.000      0.000      2.000
     6.000      2.667      4.000      3.750      0.947      0.053      0.000      0.000      1.000
     6.000      3.667      4.000      3.500      0.923      0.076      0.000      0.001      1.000
     7.000      3.667      4.000      3.750      0.979      0.015      0.000      0.006      1.000
     4.500      1.333      2.250      2.000      0.000      0.000      1.000      0.000      3.000
     6.000      4.000      3.250      3.250      0.384      0.616      0.000      0.000      2.000
     4.000      3.000      3.250      3.000      0.032      0.967      0.000      0.000      2.000
     5.500      4.000      4.000      3.750      0.988      0.008      0.000      0.004      1.000
     7.000      5.000      5.000      5.000      0.000      0.000      0.000      1.000      4.000
     5.250      4.000      4.000      3.250      0.780      0.219      0.000      0.000      1.000
     7.000      3.000      2.750      2.750      0.001      0.979      0.019      0.000      2.000
     5.750      3.000      3.500      3.500      0.622      0.377      0.000      0.000      1.000
     5.250      2.667      2.250      3.000      0.002      0.905      0.094      0.000      2.000
     7.000      2.333      2.500      2.250      0.000      0.036      0.964      0.000      3.000
     6.000      4.000      3.750      3.750      0.983      0.014      0.000      0.003      1.000
     7.000      3.000      3.500      2.250      0.000      0.964      0.036      0.000      2.000
     5.000      1.667      1.500      1.500      0.000      0.000      1.000      0.000      3.000
     7.000      2.000      3.750      2.500      0.000      0.973      0.027      0.000      2.000
     7.000      4.333      4.750      4.250      0.185      0.000      0.000      0.815      4.000
     7.000      3.000      3.500      3.000      0.035      0.965      0.000      0.000      2.000
     5.500      4.333      3.750      3.750      0.987      0.008      0.000      0.005      1.000
     6.500      2.333      3.000      2.000      0.000      0.041      0.959      0.000      3.000
     5.500      3.667      3.750      3.500      0.884      0.116      0.000      0.000      1.000
     6.500      2.333      2.250      1.750      0.000      0.000      1.000      0.000      3.000
     6.000      4.000      4.000      4.000      0.969      0.001      0.000      0.030      1.000
     5.500      4.000      3.750      3.250      0.666      0.334      0.000      0.000      1.000
     5.500      4.333      3.750      3.500      0.951      0.049      0.000      0.001      1.000
     6.250      3.667      3.250      3.750      0.933      0.066      0.000      0.000      1.000
     2.000      1.667      2.500      1.500      0.000      0.000      1.000      0.000      3.000
     6.250      3.000      3.000      3.000      0.014      0.985      0.001      0.000      2.000
     7.000      4.000      4.000      4.000      0.940      0.001      0.000      0.058      1.000
     6.000      3.667      3.250      3.000      0.060      0.940      0.000      0.000      2.000
     5.000      2.667      2.500      2.250      0.000      0.057      0.943      0.000      3.000
     5.250      3.333      2.500      2.250      0.000      0.310      0.690      0.000      3.000
     5.750      3.667      4.000      4.000      0.986      0.002      0.000      0.012      1.000
     4.000      1.667      1.500      1.000      0.000      0.000      1.000      0.000      3.000
     7.000      5.000      5.000      5.000      0.000      0.000      0.000      1.000      4.000
     7.000      4.333      3.750      3.750      0.976      0.010      0.000      0.014      1.000
     5.250      4.000      3.250      3.250      0.412      0.588      0.000      0.000      2.000
     5.250      3.667      4.000      4.500      0.824      0.000      0.000      0.176      1.000
     6.000      3.667      3.250      2.500      0.002      0.996      0.003      0.000      2.000
     6.000      3.000      4.000      4.250      0.984      0.001      0.000      0.015      1.000
     6.250      3.000      3.250      2.750      0.004      0.994      0.002      0.000      2.000
     5.250      4.000      3.750      3.000      0.252      0.748      0.000      0.000      2.000
     5.750      2.000      2.000      2.000      0.000      0.000      1.000      0.000      3.000
     6.500      3.333      4.000      3.500      0.875      0.125      0.000      0.000      1.000
     5.250      3.667      3.250      2.750      0.011      0.988      0.000      0.000      2.000
     4.750      1.667      1.750      1.500      0.000      0.000      1.000      0.000      3.000
     7.000      5.000      4.000      4.000      0.614      0.000      0.000      0.386      1.000
     6.250      4.667      4.250      3.500      0.976      0.012      0.000      0.012      1.000
     6.750      4.667      4.250      4.250      0.303      0.000      0.000      0.697      4.000
     5.500      3.333      3.000      3.250      0.132      0.868      0.000      0.000      2.000
     7.000      2.667      2.750      2.500      0.000      0.709      0.291      0.000      2.000
     5.500      3.667      4.000      4.000      0.988      0.002      0.000      0.010      1.000
     5.500      3.000      3.000      3.000      0.015      0.984      0.001      0.000      2.000
     6.000      3.000      2.750      2.500      0.000      0.835      0.165      0.000      2.000
     4.500      2.333      3.000      3.250      0.041      0.958      0.001      0.000      2.000
     6.250      3.333      3.750      3.000      0.101      0.899      0.000      0.000      2.000
     4.750      2.667      2.750      2.500      0.000      0.587      0.412      0.000      2.000
     5.500      4.000      4.750      3.750      0.971      0.001      0.000      0.027      1.000
     6.250      3.667      2.500      2.250      0.000      0.601      0.399      0.000      2.000
     5.000      3.000      3.000      3.000      0.016      0.982      0.001      0.000      2.000
     6.750      3.000      3.000      3.000      0.013      0.987      0.001      0.000      2.000
     5.750      3.667      3.750      3.750      0.977      0.022      0.000      0.001      1.000
     5.500      2.333      2.500      2.000      0.000      0.003      0.997      0.000      3.000
     7.000      4.000      4.000      3.000      0.308      0.692      0.000      0.000      2.000
     6.000      3.667      3.750      3.500      0.875      0.124      0.000      0.000      1.000
     5.250      2.000      3.000      2.000      0.000      0.012      0.988      0.000      3.000
     6.000      4.000      4.000      3.500      0.950      0.049      0.000      0.001      1.000
     5.750      4.000      3.250      3.500      0.799      0.201      0.000      0.000      1.000
     5.500      2.000      2.500      2.250      0.000      0.010      0.990      0.000      3.000
     7.000      5.000      4.750      5.000      0.000      0.000      0.000      1.000      4.000
     6.750      4.667      4.250      3.500      0.970      0.013      0.000      0.017      1.000
     4.500      4.000      4.250      3.750      0.992      0.004      0.000      0.004      1.000
     7.000      2.000      3.000      1.500      0.000      0.000      1.000      0.000      3.000
     6.000      3.667      3.500      2.250      0.000      0.993      0.007      0.000      2.000
     6.750      4.333      4.000      2.500      0.019      0.981      0.000      0.000      2.000
     4.500      2.000      2.000      1.500      0.000      0.000      1.000      0.000      3.000
     7.000      2.333      2.500      1.750      0.000      0.001      0.999      0.000      3.000
     4.500      2.000      3.000      2.000      0.000      0.010      0.990      0.000      3.000
     6.000      3.333      2.750      2.250      0.000      0.631      0.369      0.000      2.000
     7.000      5.000      4.750      4.750      0.002      0.000      0.000      0.998      4.000
     6.000      4.000      3.500      3.000      0.149      0.851      0.000      0.000      2.000
     7.000      3.000      3.000      2.250      0.000      0.724      0.276      0.000      2.000
     5.500      4.000      3.500      4.000      0.990      0.004      0.000      0.006      1.000
     5.250      2.333      2.250      2.000      0.000      0.001      0.999      0.000      3.000
     7.000      1.667      1.500      1.500      0.000      0.000      1.000      0.000      3.000
     6.250      3.667      4.250      3.750      0.986      0.008      0.000      0.006      1.000
     5.750      3.000      3.500      2.250      0.000      0.952      0.048      0.000      2.000
     4.750      3.667      3.500      3.500      0.832      0.168      0.000      0.000      1.000
     5.500      2.667      3.000      2.000      0.000      0.082      0.918      0.000      3.000
     4.500      1.000      1.500      1.250      0.000      0.000      1.000      0.000      3.000
     7.000      3.667      3.500      2.750      0.015      0.985      0.000      0.000      2.000
     5.500      3.667      4.000      4.250      0.952      0.000      0.000      0.048      1.000
     6.750      4.333      4.750      4.750      0.011      0.000      0.000      0.989      4.000
     7.000      3.667      3.750      4.000      0.981      0.004      0.000      0.015      1.000
     5.500      4.333      4.000      4.250      0.809      0.000      0.000      0.191      1.000
     5.500      3.667      3.250      2.750      0.011      0.989      0.000      0.000      2.000
     6.000      3.667      4.250      4.250      0.882      0.000      0.000      0.118      1.000
     6.000      3.667      1.500      1.500      0.000      0.000      1.000      0.000      3.000
     6.000      2.000      2.000      2.000      0.000      0.000      1.000      0.000      3.000
     7.000      3.667      3.250      3.750      0.925      0.074      0.000      0.001      1.000
     7.000      3.000      3.250      3.000      0.021      0.979      0.000      0.000      2.000
     5.250      1.667      2.000      1.250      0.000      0.000      1.000      0.000      3.000
     5.500      3.000      4.000      4.000      0.993      0.005      0.000      0.002      1.000
     5.500      3.333      3.750      3.000      0.112      0.888      0.000      0.000      2.000
     4.000      1.667      3.750      3.500      0.357      0.643      0.000      0.000      2.000
     6.000      2.333      2.750      1.750      0.000      0.002      0.998      0.000      3.000
     3.250      2.000      4.000      2.750      0.007      0.990      0.003      0.000      2.000
     4.750      3.667      4.000      4.000      0.992      0.002      0.000      0.006      1.000
     6.000      3.000      3.250      3.000      0.024      0.976      0.000      0.000      2.000
     6.000      4.000      4.000      4.000      0.969      0.001      0.000      0.030      1.000
     2.750      3.000      4.000      3.750      0.979      0.021      0.000      0.000      1.000
     7.000      5.000      4.000      4.000      0.614      0.000      0.000      0.386      1.000
     5.500      3.333      3.500      3.750      0.944      0.056      0.000      0.000      1.000
     6.250      4.000      3.750      3.500      0.915      0.084      0.000      0.001      1.000
     6.000      4.000      2.750      2.750      0.006      0.993      0.001      0.000      2.000
     5.250      2.333      4.250      3.250      0.364      0.636      0.000      0.000      2.000
     5.000      3.000      4.000      3.250      0.471      0.529      0.000      0.000      2.000
     6.000      4.667      4.750      4.250      0.174      0.000      0.000      0.826      4.000
     7.000      4.000      4.250      4.000      0.896      0.001      0.000      0.103      1.000
     4.500      3.333      3.500      3.000      0.079      0.921      0.000      0.000      2.000
     3.750      3.000      4.500      3.500      0.951      0.049      0.000      0.000      1.000
     5.250      2.333      2.250      2.250      0.000      0.008      0.992      0.000      3.000
     6.500      3.667      4.500      4.750      0.100      0.000      0.000      0.900      4.000
     5.750      2.667      3.250      2.000      0.000      0.231      0.769      0.000      3.000
     7.000      3.333      3.750      2.500      0.003      0.997      0.001      0.000      2.000
     5.000      3.333      4.000      3.750      0.981      0.018      0.000      0.001      1.000
     6.000      4.333      5.000      5.000      0.002      0.000      0.000      0.998      4.000
     4.000      3.000      2.750      2.000      0.000      0.049      0.951      0.000      3.000
     5.500      3.667      3.250      3.000      0.064      0.936      0.000      0.000      2.000
     6.000      4.000      4.750      5.000      0.008      0.000      0.000      0.992      4.000
     4.250      1.333      1.750      1.000      0.000      0.000      1.000      0.000      3.000
     6.000      4.000      4.000      4.000      0.969      0.001      0.000      0.030      1.000
     4.000      4.000      4.000      4.500      0.838      0.000      0.000      0.162      1.000
     5.000      3.333      2.750      3.500      0.369      0.631      0.000      0.000      2.000
     6.000      4.000      4.000      4.000      0.969      0.001      0.000      0.030      1.000
     4.000      3.667      5.000      3.750      0.990      0.001      0.000      0.008      1.000
     4.250      4.000      4.500      4.000      0.969      0.000      0.000      0.031      1.000
     6.000      3.667      3.000      3.000      0.036      0.964      0.000      0.000      2.000
     4.000      2.333      4.750      4.500      0.974      0.000      0.000      0.026      1.000
     6.000      4.000      3.750      3.750      0.983      0.014      0.000      0.003      1.000
     4.750      4.000      4.500      4.250      0.816      0.000      0.000      0.184      1.000
     6.000      4.667      5.000      5.000      0.001      0.000      0.000      0.999      4.000
     4.000      4.000      4.500      4.250      0.882      0.000      0.000      0.118      1.000
     4.500      2.667      1.750      2.500      0.000      0.013      0.987      0.000      3.000
     6.250      3.333      3.000      2.750      0.004      0.994      0.003      0.000      2.000
     5.750      3.667      3.250      3.250      0.288      0.712      0.000      0.000      2.000
     5.750      4.000      3.500      3.500      0.872      0.128      0.000      0.000      1.000
     4.500      3.667      2.750      3.500      0.503      0.497      0.000      0.000      1.000
     4.750      3.667      3.750      4.000      0.994      0.003      0.000      0.003      1.000
     5.250      4.000      3.500      3.000      0.164      0.836      0.000      0.000      2.000
     5.500      3.333      4.000      3.500      0.890      0.109      0.000      0.000      1.000
     4.500      4.000      4.250      4.250      0.908      0.000      0.000      0.092      1.000
     5.000      4.000      4.500      4.250      0.788      0.000      0.000      0.212      1.000
     5.000      3.333      3.500      3.750      0.948      0.052      0.000      0.000      1.000
     2.000      3.000      4.000      3.250      0.584      0.416      0.000      0.000      1.000
     6.750      4.333      3.250      4.500      0.696      0.000      0.000      0.304      1.000
     6.000      3.000      3.250      2.250      0.000      0.868      0.132      0.000      2.000
     5.500      2.667      3.750      2.000      0.000      0.742      0.258      0.000      2.000
     7.000      4.333      4.750      4.250      0.185      0.000      0.000      0.815      4.000
     6.500      4.000      4.500      4.000      0.867      0.000      0.000      0.132      1.000
     5.500      2.333      1.750      1.500      0.000      0.000      1.000      0.000      3.000
     5.500      4.000      3.750      4.000      0.986      0.002      0.000      0.011      1.000
     5.500      2.667      4.000      4.000      0.991      0.008      0.000      0.001      1.000
     6.000      3.667      4.500      4.000      0.952      0.001      0.000      0.047      1.000
     7.000      5.000      5.000      5.000      0.000      0.000      0.000      1.000      4.000
     4.000      2.667      4.250      2.500      0.005      0.994      0.001      0.000      2.000
     3.750      3.000      3.750      3.250      0.385      0.615      0.000      0.000      2.000
     5.250      2.333      4.000      2.750      0.009      0.991      0.001      0.000      2.000
     4.000      2.667      5.000      2.750      0.131      0.869      0.000      0.000      2.000
     4.250      1.667      1.250      1.500      0.000      0.000      1.000      0.000      3.000
     4.750      4.000      4.500      4.000      0.957      0.000      0.000      0.043      1.000
     4.000      3.667      4.500      4.250      0.942      0.000      0.000      0.058      1.000
     6.000      5.000      4.500      4.500      0.035      0.000      0.000      0.965      4.000
     5.500      3.667      4.750      3.750      0.985      0.002      0.000      0.013      1.000
     3.500      2.667      4.250      4.250      0.997      0.001      0.000      0.002      1.000
     4.750      4.667      3.500      4.000      0.982      0.001      0.000      0.017      1.000
     4.750      3.667      5.000      4.500      0.352      0.000      0.000      0.648      4.000
     2.750      3.000      4.000      4.250      0.998      0.001      0.000      0.002      1.000
     5.750      3.333      4.500      4.000      0.980      0.001      0.000      0.019      1.000
     4.000      2.667      4.000      2.750      0.017      0.983      0.000      0.000      2.000
     3.500      2.000      3.000      2.250      0.000      0.058      0.942      0.000      3.000
     5.000      2.333      2.000      2.500      0.000      0.017      0.983      0.000      3.000
     3.000      4.000      4.500      4.000      0.987      0.000      0.000      0.013      1.000
     5.500      4.000      4.000      4.000      0.978      0.001      0.000      0.021      1.000
     4.750      4.333      3.000      3.000      0.103      0.897      0.000      0.000      2.000
     5.000      4.667      5.000      4.750      0.009      0.000      0.000      0.991      4.000
     6.000      4.000      4.000      4.000      0.969      0.001      0.000      0.030      1.000
     4.000      2.333      4.000      3.000      0.062      0.938      0.000      0.000      2.000
     4.000      3.667      4.000      4.000      0.995      0.002      0.000      0.003      1.000
     6.750      4.333      5.000      5.000      0.001      0.000      0.000      0.999      4.000
     4.250      3.333      4.750      3.500      0.980      0.020      0.000      0.000      1.000
     6.000      4.000      4.000      3.500      0.950      0.049      0.000      0.001      1.000
     6.250      4.333      4.250      4.000      0.871      0.000      0.000      0.129      1.000
     4.000      3.667      4.750      4.000      0.977      0.000      0.000      0.022      1.000
     5.250      4.000      5.000      4.750      0.034      0.000      0.000      0.966      4.000
     6.000      4.667      5.000      4.500      0.022      0.000      0.000      0.978      4.000
     3.000      3.333      3.750      1.750      0.000      0.585      0.415      0.000      2.000
     3.250      2.667      3.000      1.750      0.000      0.007      0.993      0.000      3.000
     4.750      2.667      4.000      3.500      0.779      0.221      0.000      0.000      1.000
     5.500      4.000      4.500      4.500      0.342      0.000      0.000      0.658      4.000
     6.250      4.667      4.250      3.750      0.938      0.002      0.000      0.060      1.000
     3.750      3.000      3.500      3.250      0.267      0.733      0.000      0.000      2.000
     4.500      3.000      5.000      4.000      0.987      0.001      0.000      0.013      1.000
     6.000      3.667      3.500      3.750      0.961      0.038      0.000      0.001      1.000
     6.250      4.667      4.750      4.000      0.471      0.000      0.000      0.529      4.000
     4.000      3.333      3.750      4.000      0.995      0.004      0.000      0.001      1.000
     6.250      2.000      2.750      1.500      0.000      0.000      1.000      0.000      3.000
     3.500      2.333      5.000      2.750      0.092      0.908      0.000      0.000      2.000
     4.500      3.667      5.000      3.500      0.990      0.007      0.000      0.002      1.000
     4.000      3.333      3.500      4.000      0.992      0.008      0.000      0.000      1.000
     2.250      2.667      4.250      4.000      0.997      0.003      0.000      0.000      1.000
     3.000      3.333      5.000      3.500      0.990      0.010      0.000      0.000      1.000
     5.750      3.333      4.000      3.250      0.561      0.439      0.000      0.000      1.000
     4.000      3.667      4.000      4.000      0.995      0.002      0.000      0.003      1.000
     5.000      4.000      3.500      3.500      0.884      0.116      0.000      0.000      1.000
     5.250      4.333      5.000      4.750      0.016      0.000      0.000      0.984      4.000
     5.000      3.333      3.500      4.000      0.990      0.009      0.000      0.001      1.000
     5.250      3.667      4.500      4.000      0.971      0.001      0.000      0.028      1.000
     5.250      4.333      5.000      3.750      0.912      0.000      0.000      0.087      1.000
     4.000      4.000      5.000      4.500      0.298      0.000      0.000      0.702      4.000
     7.000      2.667      3.500      3.250      0.122      0.878      0.000      0.000      2.000
     5.500      3.667      4.000      2.750      0.054      0.946      0.000      0.000      2.000
     4.000      2.667      4.750      3.750      0.992      0.008      0.000      0.000      1.000
     5.250      3.667      3.000      3.500      0.608      0.392      0.000      0.000      1.000
     7.000      3.667      4.250      4.000      0.948      0.001      0.000      0.051      1.000
     4.000      4.667      5.000      5.000      0.004      0.000      0.000      0.996      4.000
     4.000      3.667      5.000      4.000      0.959      0.000      0.000      0.041      1.000
     5.000      4.000      4.000      4.000      0.984      0.001      0.000      0.015      1.000
     4.000      3.333      5.000      2.500      0.060      0.940      0.000      0.000      2.000
     2.000      2.333      5.000      4.000      0.999      0.001      0.000      0.000      1.000
     5.000      3.333      3.500      3.000      0.073      0.927      0.000      0.000      2.000
     4.750      3.000      3.750      3.000      0.081      0.919      0.000      0.000      2.000
     4.250      3.000      3.750      3.500      0.781      0.219      0.000      0.000      1.000
     5.250      3.667      5.000      4.500      0.277      0.000      0.000      0.723      4.000
     5.250      4.000      3.500      3.500      0.880      0.119      0.000      0.000      1.000
     5.500      4.000      3.000      3.000      0.060      0.940      0.000      0.000      2.000
     5.000      3.000      4.500      3.750      0.989      0.010      0.000      0.001      1.000
     4.500      3.000      3.500      3.250      0.246      0.754      0.000      0.000      2.000
     3.500      3.333      4.000      3.750      0.985      0.015      0.000      0.000      1.000
     5.750      4.333      4.500      4.500      0.168      0.000      0.000      0.832      4.000
     6.250      4.000      4.500      4.500      0.235      0.000      0.000      0.765      4.000
     5.500      3.000      5.000      3.750      0.991      0.004      0.000      0.005      1.000
     4.000      3.000      3.750      3.000      0.090      0.910      0.000      0.000      2.000
     4.250      3.667      5.000      4.000      0.951      0.000      0.000      0.049      1.000
     5.500      2.667      4.500      3.750      0.982      0.017      0.000      0.001      1.000
     5.500      3.333      3.250      2.750      0.007      0.992      0.001      0.000      2.000
     5.000      3.000      4.250      3.750      0.982      0.017      0.000      0.001      1.000
     6.750      4.000      4.000      4.000      0.949      0.001      0.000      0.049      1.000
     4.750      4.000      3.750      3.250      0.691      0.309      0.000      0.000      1.000
     5.000      3.000      3.750      3.250      0.341      0.659      0.000      0.000      2.000
     5.000      5.000      4.750      3.250      0.980      0.013      0.000      0.008      1.000
     7.000      4.333      3.500      4.500      0.507      0.000      0.000      0.493      1.000
     4.500      4.000      4.000      3.500      0.960      0.039      0.000      0.000      1.000
     6.250      4.333      5.000      4.750      0.008      0.000      0.000      0.992      4.000
     5.000      3.667      4.750      4.750      0.145      0.000      0.000      0.855      4.000
     7.000      3.333      3.750      4.000      0.986      0.007      0.000      0.007      1.000
     5.000      4.000      3.750      3.000      0.260      0.740      0.000      0.000      2.000
     6.000      3.667      3.750      3.000      0.158      0.842      0.000      0.000      2.000
     3.250      2.333      3.750      3.750      0.908      0.092      0.000      0.000      1.000
     4.750      3.667      5.000      4.000      0.932      0.000      0.000      0.067      1.000
     3.500      2.667      3.750      3.250      0.289      0.711      0.000      0.000      2.000
     4.500      2.667      4.750      3.500      0.949      0.051      0.000      0.000      1.000
     6.250      3.000      3.250      2.000      0.000      0.472      0.528      0.000      3.000
     4.750      4.000      3.750      4.000      0.991      0.002      0.000      0.007      1.000
     4.500      3.000      3.750      3.250      0.359      0.641      0.000      0.000      2.000
     6.000      5.000      4.750      4.750      0.004      0.000      0.000      0.996      4.000
     5.000      4.000      3.750      3.500      0.929      0.071      0.000      0.000      1.000
     5.000      4.000      4.250      4.000      0.972      0.001      0.000      0.028      1.000
     5.000      2.000      2.000      2.000      0.000      0.000      1.000      0.000      3.000
     6.000      2.000      2.500      2.000      0.000      0.001      0.999      0.000      3.000
     5.000      4.667      5.000      3.500      0.965      0.002      0.000      0.033      1.000
     3.500      3.333      3.000      3.500      0.558      0.442      0.000      0.000      1.000
     5.750      4.000      4.750      4.250      0.540      0.000      0.000      0.459      1.000
     6.500      3.667      4.500      4.000      0.934      0.001      0.000      0.066      1.000
     5.500      4.000      4.000      3.000      0.358      0.642      0.000      0.000      2.000
     4.000      2.333      2.750      3.250      0.026      0.970      0.005      0.000      2.000
     6.250      4.000      3.250      4.000      0.987      0.007      0.000      0.006      1.000
     5.000      3.667      3.250      3.500      0.735      0.265      0.000      0.000      1.000
     6.500      3.333      3.500      3.000      0.059      0.941      0.000      0.000      2.000
     4.250      4.000      4.000      4.500      0.813      0.000      0.000      0.187      1.000
     4.250      3.000      4.500      4.000      0.995      0.001      0.000      0.003      1.000
     4.500      2.667      2.750      2.250      0.000      0.146      0.854      0.000      3.000
     6.750      4.667      3.500      4.500      0.361      0.000      0.000      0.639      4.000
     4.000      2.333      4.000      3.250      0.287      0.713      0.000      0.000      2.000
     5.000      4.000      4.000      4.000      0.984      0.001      0.000      0.015      1.000
     4.250      3.333      3.750      3.500      0.851      0.149      0.000      0.000      1.000
     5.000      4.667      4.750      4.750      0.016      0.000      0.000      0.984      4.000
     6.000      2.333      3.500      2.250      0.000      0.751      0.249      0.000      2.000
     5.250      3.333      4.000      4.000      0.993      0.003      0.000      0.004      1.000
     5.500      3.333      4.750      4.000      0.970      0.001      0.000      0.029      1.000
     5.500      4.000      3.750      3.500      0.924      0.076      0.000      0.000      1.000
     5.750      2.000      4.750      3.750      0.973      0.027      0.000      0.000      1.000
     6.500      4.000      3.750      4.000      0.975      0.002      0.000      0.023      1.000
     5.500      3.333      3.500      4.250      0.992      0.002      0.000      0.007      1.000
     6.750      2.667      3.500      4.000      0.970      0.029      0.000      0.001      1.000
     7.000      4.333      4.750      4.500      0.043      0.000      0.000      0.957      4.000
     6.750      4.000      3.500      4.000      0.981      0.004      0.000      0.015      1.000
     4.000      2.333      5.000      4.000      0.997      0.001      0.000      0.002      1.000
     4.000      3.667      4.000      4.000      0.995      0.002      0.000      0.003      1.000
     4.500      4.000      3.750      4.000      0.992      0.002      0.000      0.006      1.000
     4.750      3.000      3.750      2.500      0.002      0.995      0.003      0.000      2.000
     6.000      2.667      2.750      2.250      0.000      0.197      0.803      0.000      3.000
     4.000      2.000      1.250      2.000      0.000      0.000      1.000      0.000      3.000
     4.750      3.667      4.750      3.750      0.990      0.002      0.000      0.008      1.000
     6.000      4.000      3.500      3.500      0.868      0.132      0.000      0.000      1.000
     4.000      3.333      4.000      3.750      0.984      0.016      0.000      0.000      1.000
     5.250      3.667      3.750      4.000      0.992      0.003      0.000      0.004      1.000
     5.500      4.000      3.000      3.500      0.706      0.294      0.000      0.000      1.000
     4.500      3.333      4.000      3.750      0.983      0.017      0.000      0.000      1.000
     5.500      4.000      4.000      3.250      0.774      0.226      0.000      0.000      1.000
     3.750      2.667      3.500      4.000      0.981      0.019      0.000      0.000      1.000
     4.250      4.000      4.750      3.750      0.987      0.001      0.000      0.012      1.000
     6.250      3.667      3.000      1.250      0.000      0.004      0.996      0.000      3.000
     5.500      3.667      4.500      4.000      0.966      0.001      0.000      0.034      1.000
     5.250      4.000      3.500      3.500      0.880      0.119      0.000      0.000      1.000
     5.500      4.000      3.500      3.500      0.876      0.123      0.000      0.000      1.000
     5.000      2.333      2.000      2.000      0.000      0.000      1.000      0.000      3.000
     4.250      4.333      4.250      4.750      0.176      0.000      0.000      0.824      4.000
     5.000      3.667      4.750      4.000      0.956      0.000      0.000      0.044      1.000
     5.250      4.000      3.750      2.750      0.052      0.948      0.000      0.000      2.000
     5.000      4.333      4.000      3.250      0.856      0.144      0.000      0.000      1.000
     4.000      4.000      4.750      4.250      0.800      0.000      0.000      0.200      1.000
     5.250      2.667      4.250      2.750      0.024      0.976      0.000      0.000      2.000
     7.000      2.667      4.750      4.000      0.980      0.002      0.000      0.018      1.000
     4.750      4.000      4.000      3.250      0.793      0.207      0.000      0.000      1.000
     4.250      3.333      3.000      3.500      0.529      0.471      0.000      0.000      1.000
     6.000      4.000      4.000      3.500      0.950      0.049      0.000      0.001      1.000
     4.750      2.000      4.750      2.000      0.000      0.973      0.027      0.000      2.000
     4.750      3.000      2.500      2.250      0.000      0.131      0.869      0.000      3.000
     6.750      4.333      4.500      2.750      0.264      0.736      0.000      0.000      2.000
     5.250      4.000      4.000      3.000      0.367      0.633      0.000      0.000      2.000
     4.750      2.333      3.000      2.750      0.001      0.930      0.069      0.000      2.000
     6.250      2.000      2.000      1.500      0.000      0.000      1.000      0.000      3.000
     6.750      4.000      3.750      4.000      0.971      0.003      0.000      0.027      1.000
     5.750      4.333      4.000      4.250      0.780      0.000      0.000      0.220      1.000
     7.000      4.000      4.000      4.000      0.940      0.001      0.000      0.058      1.000
     3.500      3.333      4.750      4.500      0.841      0.000      0.000      0.159      1.000
     5.250      4.000      3.750      4.000      0.988      0.002      0.000      0.010      1.000
     3.500      3.333      4.500      4.250      0.980      0.000      0.000      0.020      1.000
     5.000      4.000      5.000      4.500      0.174      0.000      0.000      0.826      4.000
     3.750      1.667      2.250      1.750      0.000      0.000      1.000      0.000      3.000
     4.250      2.000      2.000      2.000      0.000      0.000      1.000      0.000      3.000
     6.250      4.000      4.000      3.250      0.753      0.247      0.000      0.000      1.000
     5.750      4.000      4.000      3.250      0.767      0.233      0.000      0.000      1.000
     6.000      3.667      3.250      2.500      0.002      0.996      0.003      0.000      2.000
     6.250      2.667      4.000      3.500      0.738      0.262      0.000      0.000      1.000
     7.000      4.333      5.000      5.000      0.001      0.000      0.000      0.999      4.000
     4.000      2.000      2.000      2.000      0.000      0.000      1.000      0.000      3.000
     4.500      2.000      2.750      2.500      0.000      0.161      0.839      0.000      3.000
     7.000      4.333      4.000      2.750      0.104      0.896      0.000      0.000      2.000
     7.000      5.000      4.000      4.500      0.059      0.000      0.000      0.941      4.000
     5.500      4.000      3.750      3.250      0.666      0.334      0.000      0.000      1.000
     5.000      3.000      2.250      1.750      0.000      0.001      0.999      0.000      3.000
     4.500      4.000      3.500      3.750      0.980      0.019      0.000      0.001      1.000
     1.750      1.667      3.500      2.000      0.000      0.020      0.980      0.000      3.000
     5.750      4.667      4.000      3.250      0.894      0.105      0.000      0.001      1.000
     5.750      3.000      3.250      2.500      0.001      0.979      0.020      0.000      2.000
     4.750      3.000      4.250      3.750      0.983      0.016      0.000      0.000      1.000
     6.500      3.667      4.000      4.500      0.662      0.000      0.000      0.338      1.000
     5.000      3.000      3.250      2.750      0.005      0.992      0.003      0.000      2.000
     7.000      5.000      5.000      5.000      0.000      0.000      0.000      1.000      4.000
     5.500      3.333      4.500      4.500      0.709      0.000      0.000      0.291      1.000
     5.750      3.333      3.000      2.500      0.001      0.975      0.024      0.000      2.000
     4.000      4.667      5.000      4.750      0.018      0.000      0.000      0.982      4.000
     7.000      4.000      3.500      3.750      0.969      0.028      0.000      0.003      1.000
     6.250      2.000      2.500      2.500      0.000      0.084      0.916      0.000      3.000
     7.000      4.333      4.750      4.750      0.009      0.000      0.000      0.991      4.000
     4.250      4.000      4.500      4.750      0.198      0.000      0.000      0.802      4.000
     5.000      2.000      4.250      3.750      0.933      0.067      0.000      0.000      1.000
     6.000      4.667      4.000      4.250      0.579      0.000      0.000      0.421      1.000
     6.250      4.000      4.000      4.000      0.963      0.001      0.000      0.035      1.000
     4.500      2.333      4.000      2.750      0.010      0.989      0.001      0.000      2.000
     5.500      3.333      4.500      3.750      0.990      0.007      0.000      0.003      1.000
     5.750      3.667      3.750      3.500      0.880      0.120      0.000      0.000      1.000
     6.000      4.333      4.500      4.250      0.460      0.000      0.000      0.540      4.000
     7.000      3.333      4.000      4.000      0.983      0.004      0.000      0.013      1.000
     5.500      4.000      3.500      3.750      0.976      0.022      0.000      0.001      1.000
     6.500      4.333      5.000      5.000      0.001      0.000      0.000      0.999      4.000
     6.250      3.000      2.250      3.000      0.003      0.968      0.030      0.000      2.000
     4.750      3.667      4.500      4.250      0.905      0.000      0.000      0.094      1.000
     6.250      4.000      3.750      3.250      0.640      0.360      0.000      0.000      1.000
     5.750      3.333      3.500      3.250      0.302      0.698      0.000      0.000      2.000
     5.250      3.667      4.000      3.750      0.986      0.012      0.000      0.002      1.000
     4.750      3.667      4.500      3.500      0.977      0.023      0.000      0.001      1.000
     6.000      3.333      3.500      4.250      0.989      0.002      0.000      0.009      1.000
     7.000      4.000      3.500      3.000      0.131      0.869      0.000      0.000      2.000
     4.500      2.333      2.500      2.000      0.000      0.003      0.997      0.000      3.000
     5.750      4.000      3.750      3.750      0.984      0.014      0.000      0.003      1.000
     5.500      4.000      5.000      5.000      0.006      0.000      0.000      0.994      4.000
     5.000      2.333      3.000      2.250      0.000      0.189      0.811      0.000      3.000
     3.750      2.667      3.750      4.000      0.989      0.011      0.000      0.000      1.000
     6.500      4.000      4.000      4.000      0.957      0.001      0.000      0.042      1.000
     6.000      3.667      4.000      3.250      0.664      0.336      0.000      0.000      1.000
     6.000      3.667      4.000      3.750      0.984      0.013      0.000      0.003      1.000
     4.250      2.333      2.500      2.250      0.000      0.019      0.981      0.000      3.000
     4.750      3.333      3.750      4.000      0.994      0.005      0.000      0.001      1.000
     4.000      3.000      2.750      2.750      0.002      0.959      0.039      0.000      2.000
     5.750      3.667      2.750      3.000      0.022      0.978      0.000      0.000      2.000
     7.000      4.667      5.000      4.000      0.220      0.000      0.000      0.780      4.000
     7.000      5.000      4.750      4.000      0.196      0.000      0.000      0.804      4.000
     6.250      4.333      3.500      4.500      0.635      0.000      0.000      0.365      1.000
     5.750      1.667      2.000      2.000      0.000      0.000      1.000      0.000      3.000
     6.000      4.000      4.750      4.250      0.497      0.000      0.000      0.503      4.000
     7.000      5.000      4.250      3.500      0.948      0.008      0.000      0.044      1.000
     6.750      4.333      4.500      4.500      0.091      0.000      0.000      0.909      4.000
     5.500      1.667      4.000      3.000      0.020      0.980      0.001      0.000      2.000
     4.750      3.333      4.000      2.750      0.038      0.962      0.000      0.000      2.000
     6.000      1.333      1.250      1.000      0.000      0.000      1.000      0.000      3.000
     6.500      4.000      4.250      4.000      0.924      0.001      0.000      0.075      1.000
     5.500      3.333      3.750      4.000      0.992      0.006      0.000      0.002      1.000
     6.000      2.333      4.000      2.750      0.008      0.992      0.001      0.000      2.000
     5.500      4.000      3.750      3.750      0.985      0.013      0.000      0.002      1.000
     6.000      3.667      3.750      4.000      0.989      0.004      0.000      0.007      1.000
     6.000      4.000      5.000      4.750      0.020      0.000      0.000      0.980      4.000
     3.000      3.333      4.750      3.500      0.984      0.016      0.000      0.000      1.000
     4.500      3.000      2.500      2.250      0.000      0.124      0.876      0.000      3.000
     5.250      4.667      3.500      4.500      0.617      0.000      0.000      0.383      1.000
     5.000      3.667      4.000      3.750      0.987      0.011      0.000      0.001      1.000
     5.750      3.667      4.750      4.500      0.336      0.000      0.000      0.664      4.000
     4.250      2.333      3.750      3.500      0.580      0.420      0.000      0.000      1.000
     5.250      2.333      4.000      4.000      0.987      0.013      0.000      0.000      1.000
     4.750      2.333      5.000      2.250      0.002      0.997      0.000      0.000      2.000
     5.250      2.000      2.250      2.000      0.000      0.000      1.000      0.000      3.000
     5.250      3.667      3.750      3.250      0.563      0.437      0.000      0.000      1.000
     4.000      4.333      4.500      4.000      0.945      0.000      0.000      0.054      1.000
     6.250      3.667      4.250      3.250      0.766      0.234      0.000      0.000      1.000
     4.000      2.000      2.750      1.500      0.000      0.000      1.000      0.000      3.000
     4.250      3.000      3.750      3.500      0.781      0.219      0.000      0.000      1.000
     5.250      4.000      4.000      4.000      0.981      0.001      0.000      0.018      1.000
     4.000      2.667      3.500      3.250      0.179      0.821      0.000      0.000      2.000
     4.000      1.667      2.750      1.750      0.000      0.000      1.000      0.000      3.000
     6.250      3.667      5.000      4.250      0.490      0.000      0.000      0.510      4.000
     6.750      2.333      3.000      2.000      0.000      0.043      0.957      0.000      3.000
     6.000      4.333      3.250      3.750      0.972      0.026      0.000      0.002      1.000
     5.500      3.000      4.000      3.750      0.968      0.031      0.000      0.000      1.000
     5.750      3.667      4.250      3.750      0.988      0.007      0.000      0.004      1.000
     5.750      1.333      1.750      1.000      0.000      0.000      1.000      0.000      3.000
     5.250      3.333      2.750      3.250      0.084      0.916      0.000      0.000      2.000
     4.750      1.667      4.500      3.750      0.939      0.061      0.000      0.000      1.000
     5.000      3.333      2.500      3.500      0.253      0.746      0.000      0.000      2.000
     7.000      5.000      4.750      5.000      0.000      0.000      0.000      1.000      4.000
     5.500      3.667      4.000      4.000      0.988      0.002      0.000      0.010      1.000
     5.500      2.667      4.000      3.750      0.951      0.049      0.000      0.000      1.000
     7.000      3.667      4.000      3.250      0.629      0.371      0.000      0.000      1.000
     6.000      3.000      2.500      2.500      0.000      0.614      0.386      0.000      2.000
     6.750      3.000      2.000      1.750      0.000      0.000      1.000      0.000      3.000
     4.500      3.000      4.000      3.500      0.855      0.145      0.000      0.000      1.000
     2.750      2.667      2.500      2.000      0.000      0.005      0.995      0.000      3.000
     5.500      2.333      3.500      3.250      0.098      0.902      0.000      0.000      2.000
     4.000      1.667      3.750      3.250      0.083      0.917      0.000      0.000      2.000
     5.750      3.667      4.000      4.000      0.986      0.002      0.000      0.012      1.000
     7.000      3.000      4.000      3.500      0.801      0.199      0.000      0.000      1.000
     6.000      3.667      3.750      3.000      0.158      0.842      0.000      0.000      2.000
     3.750      3.667      3.500      4.250      0.995      0.001      0.000      0.004      1.000
     4.250      2.667      4.000      4.250      0.997      0.001      0.000      0.002      1.000
     4.500      3.667      4.250      4.000      0.990      0.001      0.000      0.009      1.000
     5.250      3.000      3.250      3.500      0.509      0.491      0.000      0.000      1.000
     3.750      5.000      3.000      3.750      0.987      0.012      0.000      0.001      1.000
     5.000      3.000      4.000      4.250      0.992      0.001      0.000      0.007      1.000
     6.750      3.333      4.000      3.750      0.974      0.024      0.000      0.002      1.000
     6.250      3.667      4.250      3.750      0.986      0.008      0.000      0.006      1.000
     3.000      1.667      2.250      1.750      0.000      0.000      1.000      0.000      3.000
     6.000      3.667      4.000      3.750      0.984      0.013      0.000      0.003      1.000
     5.750      4.333      3.500      3.750      0.982      0.015      0.000      0.003      1.000
     4.000      4.000      4.000      4.000      0.991      0.001      0.000      0.008      1.000
     4.750      3.667      3.750      3.750      0.981      0.019      0.000      0.001      1.000
     4.000      3.333      4.250      2.750      0.071      0.929      0.000      0.000      2.000
     5.250      4.000      4.000      3.500      0.955      0.044      0.000      0.001      1.000
     5.750      3.333      3.750      3.250      0.426      0.574      0.000      0.000      2.000
     4.000      5.000      4.500      5.000      0.006      0.000      0.000      0.994      4.000
     7.000      3.000      3.000      3.750      0.739      0.261      0.000      0.000      1.000
     4.500      3.000      4.750      4.250      0.966      0.000      0.000      0.034      1.000
     6.750      4.333      4.250      4.750      0.036      0.000      0.000      0.964      4.000
     3.250      2.000      3.500      4.000      0.956      0.044      0.000      0.000      1.000
     5.500      3.333      4.000      3.500      0.890      0.109      0.000      0.000      1.000
     5.000      3.333      3.750      3.500      0.836      0.164      0.000      0.000      1.000
     6.000      3.000      2.250      2.250      0.000      0.060      0.940      0.000      3.000
     5.250      4.667      4.250      4.250      0.554      0.000      0.000      0.446      1.000
     3.000      4.000      4.000      4.000      0.995      0.001      0.000      0.004      1.000
     6.500      4.000      4.000      4.000      0.957      0.001      0.000      0.042      1.000
     5.750      4.333      4.500      4.250      0.504      0.000      0.000      0.496      1.000
     5.500      4.000      4.500      3.500      0.981      0.016      0.000      0.003      1.000
     4.250      3.000      4.750      3.750      0.994      0.005      0.000      0.001      1.000
     4.750      3.333      3.500      3.750      0.950      0.050      0.000      0.000      1.000
     4.750      3.667      3.750      3.250      0.581      0.419      0.000      0.000      1.000
     6.750      4.667      5.000      4.750      0.003      0.000      0.000      0.997      4.000
     5.000      3.667      5.000      4.250      0.697      0.000      0.000      0.303      1.000
     5.750      2.667      4.000      3.750      0.949      0.051      0.000      0.000      1.000
     6.500      5.000      3.750      4.250      0.456      0.000      0.000      0.544      4.000
     4.750      3.000      3.250      3.750      0.872      0.128      0.000      0.000      1.000
     5.000      3.333      3.500      3.750      0.948      0.052      0.000      0.000      1.000
     4.750      3.667      4.750      5.000      0.039      0.000      0.000      0.961      4.000
     4.000      3.000      4.000      3.000      0.145      0.855      0.000      0.000      2.000
     4.250      2.667      2.250      3.000      0.002      0.882      0.116      0.000      2.000
     6.000      3.333      3.000      3.500      0.463      0.537      0.000      0.000      2.000
     6.000      4.000      3.500      3.500      0.868      0.132      0.000      0.000      1.000
     6.000      3.333      3.250      3.000      0.038      0.962      0.000      0.000      2.000
     5.750      3.667      3.750      4.000      0.990      0.004      0.000      0.006      1.000
     5.000      3.667      4.250      4.000      0.986      0.001      0.000      0.013      1.000
     7.000      3.000      5.000      3.750      0.981      0.005      0.000      0.014      1.000
     4.500      3.667      3.500      3.000      0.120      0.880      0.000      0.000      2.000
     6.750      2.667      2.750      2.000      0.000      0.036      0.964      0.000      3.000
     6.500      4.000      4.000      4.500      0.475      0.000      0.000      0.525      4.000
     6.250      4.333      3.750      4.250      0.824      0.000      0.000      0.176      1.000
     5.500      2.667      3.750      3.250      0.230      0.770      0.000      0.000      2.000
     6.000      4.333      4.000      3.500      0.967      0.031      0.000      0.003      1.000
     6.750      3.333      4.250      4.250      0.905      0.000      0.000      0.094      1.000
     5.250      3.000      3.250      3.000      0.027      0.973      0.000      0.000      2.000
     4.750      3.333      4.500      3.250      0.815      0.185      0.000      0.000      1.000
     5.500      3.667      3.500      3.500      0.815      0.185      0.000      0.000      1.000
     7.000      3.333      2.000      2.000      0.000      0.009      0.991      0.000      3.000
     4.500      3.000      4.000      3.750      0.973      0.027      0.000      0.000      1.000
     6.000      4.333      4.250      3.750      0.973      0.003      0.000      0.024      1.000
     7.000      3.333      2.500      2.500      0.000      0.842      0.158      0.000      2.000
     5.750      3.000      3.750      3.500      0.739      0.261      0.000      0.000      1.000
     6.000      3.000      4.000      3.750      0.966      0.034      0.000      0.001      1.000
     5.000      4.000      4.000      3.250      0.787      0.213      0.000      0.000      1.000
     5.250      3.667      3.500      4.000      0.992      0.006      0.000      0.002      1.000
     5.500      4.000      4.250      3.750      0.988      0.004      0.000      0.008      1.000
     5.000      3.667      3.750      3.250      0.572      0.428      0.000      0.000      1.000
     6.000      3.333      3.250      2.500      0.001      0.992      0.007      0.000      2.000
     3.250      2.000      1.750      2.250      0.000      0.000      1.000      0.000      3.000
     6.500      5.000      5.000      5.000      0.000      0.000      0.000      1.000      4.000
     4.250      4.000      4.000      3.500      0.962      0.038      0.000      0.000      1.000
     5.750      2.333      2.750      2.250      0.000      0.081      0.919      0.000      3.000
     6.000      3.333      3.750      2.500      0.003      0.996      0.001      0.000      2.000
     4.750      2.667      3.500      2.750      0.005      0.992      0.003      0.000      2.000
     5.000      4.333      4.000      4.000      0.967      0.001      0.000      0.032      1.000
     4.750      4.333      4.500      3.750      0.980      0.001      0.000      0.019      1.000
     4.500      3.333      4.000      4.000      0.995      0.003      0.000      0.002      1.000
     6.000      4.000      3.500      4.000      0.987      0.004      0.000      0.009      1.000
     4.000      3.333      4.000      3.000      0.214      0.786      0.000      0.000      2.000
     6.750      4.667      4.000      4.750      0.031      0.000      0.000      0.969      4.000
     5.000      2.667      2.750      3.000      0.006      0.983      0.011      0.000      2.000
     6.000      4.333      4.000      4.250      0.749      0.000      0.000      0.251      1.000
     4.500      3.667      3.750      2.750      0.037      0.963      0.000      0.000      2.000
     4.750      3.333      4.750      4.250      0.917      0.000      0.000      0.083      1.000
     4.000      2.667      4.000      4.000      0.993      0.007      0.000      0.000      1.000
     6.750      4.000      3.500      4.000      0.981      0.004      0.000      0.015      1.000
     7.000      5.000      4.500      4.750      0.004      0.000      0.000      0.996      4.000
     7.000      4.667      4.750      5.000      0.001      0.000      0.000      0.999      4.000
     6.750      3.667      3.250      3.000      0.054      0.946      0.000      0.000      2.000
     6.000      4.000      3.500      4.000      0.987      0.004      0.000      0.009      1.000
     4.000      3.333      5.000      4.750      0.283      0.000      0.000      0.717      4.000
     5.500      3.667      4.000      4.000      0.988      0.002      0.000      0.010      1.000
     5.500      4.000      3.750      3.750      0.985      0.013      0.000      0.002      1.000
     5.000      4.000      4.000      4.000      0.984      0.001      0.000      0.015      1.000
     4.750      4.667      4.250      3.750      0.977      0.002      0.000      0.022      1.000
