     1.000      6.500      2.000      2.250      2.000      0.000      0.004      0.996      0.000      0.000      3.000
     2.000      6.250      3.000      3.750      3.000      0.017      0.901      0.000      0.082      0.000      2.000
     3.000      5.750      3.667      3.500      3.750      0.003      0.050      0.000      0.946      0.001      4.000
     4.000      5.500      2.667      3.000      2.500      0.001      0.941      0.058      0.000      0.000      2.000
     5.000      5.500      4.000      3.500      3.750      0.001      0.018      0.000      0.979      0.002      4.000
     6.000      6.500      3.667      3.250      3.500      0.001      0.386      0.000      0.613      0.000      4.000
     7.000      5.250      1.000      1.750      1.000      0.000      0.000      1.000      0.000      0.000      3.000
     8.000      7.000      3.333      4.000      2.750      0.003      0.887      0.000      0.110      0.000      2.000
     9.000      6.500      2.333      2.500      2.000      0.000      0.062      0.938      0.000      0.000      3.000
    10.000      7.000      3.000      3.000      3.500      0.001      0.926      0.000      0.072      0.000      2.000
    11.000      6.000      2.333      3.750      2.500      0.017      0.976      0.007      0.001      0.000      2.000
    12.000      4.750      2.667      2.000      2.000      0.000      0.009      0.991      0.000      0.000      3.000
    13.000      6.750      2.667      3.750      2.750      0.006      0.986      0.000      0.008      0.000      2.000
    14.000      6.250      3.667      4.000      3.000      0.006      0.371      0.000      0.623      0.000      4.000
    15.000      5.250      4.000      4.250      5.000      0.000      0.000      0.000      0.154      0.846      5.000
    16.000      6.500      5.000      4.000      4.500      0.000      0.000      0.000      0.094      0.906      5.000
    17.000      6.250      1.333      2.250      1.750      0.000      0.000      1.000      0.000      0.000      3.000
    18.000      7.000      4.000      3.250      3.500      0.000      0.207      0.000      0.793      0.001      4.000
    19.000      5.750      1.667      2.250      1.500      0.000      0.000      1.000      0.000      0.000      3.000
    20.000      6.250      2.667      4.000      1.500      0.000      0.959      0.040      0.000      0.000      2.000
    21.000      5.000      4.000      3.000      3.000      0.001      0.839      0.000      0.161      0.000      2.000
    22.000      6.000      4.000      3.750      2.750      0.001      0.654      0.000      0.345      0.000      2.000
    23.000      5.500      2.667      2.750      1.250      0.000      0.013      0.987      0.000      0.000      3.000
    24.000      4.750      2.333      3.000      1.750      0.000      0.048      0.952      0.000      0.000      3.000
    25.000      5.500      4.000      3.500      4.000      0.001      0.004      0.000      0.990      0.006      4.000
    26.000      6.750      4.333      4.250      4.500      0.000      0.000      0.000      0.207      0.793      5.000
    27.000      5.750      4.000      3.250      3.250      0.001      0.401      0.000      0.598      0.000      4.000
    28.000      6.250      3.667      3.500      2.000      0.000      0.998      0.000      0.001      0.000      2.000
    29.000      5.250      3.000      2.750      3.000      0.001      0.991      0.004      0.004      0.000      2.000
    30.000      5.750      2.333      2.000      2.000      0.000      0.004      0.996      0.000      0.000      3.000
    31.000      6.750      3.000      3.500      3.250      0.007      0.872      0.000      0.122      0.000      2.000
    32.000      5.750      2.667      4.000      2.500      0.044      0.949      0.001      0.007      0.000      2.000
    33.000      6.000      4.333      3.750      3.000      0.000      0.147      0.000      0.852      0.000      4.000
    34.000      6.000      2.667      4.000      3.750      0.369      0.090      0.000      0.541      0.000      4.000
    35.000      6.000      3.667      4.000      3.500      0.006      0.032      0.000      0.960      0.002      4.000
    36.000      7.000      3.667      4.000      3.750      0.001      0.011      0.000      0.978      0.010      4.000
    37.000      4.500      1.333      2.250      2.000      0.000      0.000      1.000      0.000      0.000      3.000
    38.000      6.000      4.000      3.250      3.250      0.000      0.410      0.000      0.590      0.000      4.000
    39.000      4.000      3.000      3.250      3.000      0.094      0.874      0.001      0.031      0.000      2.000
    40.000      5.500      4.000      4.000      3.750      0.002      0.003      0.000      0.985      0.010      4.000
    41.000      7.000      5.000      5.000      5.000      0.000      0.000      0.000      0.000      1.000      5.000
    42.000      5.250      4.000      4.000      3.250      0.005      0.036      0.000      0.958      0.001      4.000
    43.000      7.000      3.000      2.750      2.750      0.000      0.996      0.004      0.001      0.000      2.000
    44.000      5.750      3.000      3.500      3.500      0.065      0.525      0.000      0.410      0.000      2.000
    45.000      5.250      2.667      2.250      3.000      0.000      0.817      0.182      0.000      0.000      2.000
    46.000      7.000      2.333      2.500      2.250      0.000      0.236      0.764      0.000      0.000      3.000
    47.000      6.000      4.000      3.750      3.750      0.001      0.007      0.000      0.986      0.006      4.000
    48.000      7.000      3.000      3.500      2.250      0.000      0.998      0.001      0.001      0.000      2.000
    49.000      5.000      1.667      1.500      1.500      0.000      0.000      1.000      0.000      0.000      3.000
    50.000      7.000      2.000      3.750      2.500      0.007      0.977      0.016      0.000      0.000      2.000
    51.000      7.000      4.333      4.750      4.250      0.000      0.000      0.000      0.108      0.892      5.000
    52.000      7.000      3.000      3.500      3.000      0.002      0.963      0.000      0.034      0.000      2.000
    53.000      5.500      4.333      3.750      3.750      0.000      0.002      0.000      0.986      0.011      4.000
    54.000      6.500      2.333      3.000      2.000      0.000      0.385      0.615      0.000      0.000      3.000
    55.000      5.500      3.667      3.750      3.500      0.010      0.060      0.000      0.930      0.001      4.000
    56.000      6.500      2.333      2.250      1.750      0.000      0.006      0.994      0.000      0.000      3.000
    57.000      6.000      4.000      4.000      4.000      0.001      0.001      0.000      0.958      0.041      4.000
    58.000      5.500      4.000      3.750      3.250      0.003      0.084      0.000      0.913      0.000      4.000
    59.000      5.500      4.333      3.750      3.500      0.000      0.009      0.000      0.987      0.004      4.000
    60.000      6.250      3.667      3.250      3.750      0.001      0.108      0.000      0.890      0.000      4.000
    61.000      2.000      1.667      2.500      1.500      0.000      0.000      1.000      0.000      0.000      3.000
    62.000      6.250      3.000      3.000      3.000      0.001      0.991      0.001      0.008      0.000      2.000
    63.000      7.000      4.000      4.000      4.000      0.000      0.001      0.000      0.928      0.071      4.000
    64.000      6.000      3.667      3.250      3.000      0.001      0.868      0.000      0.131      0.000      2.000
    65.000      5.000      2.667      2.500      2.250      0.000      0.245      0.755      0.000      0.000      3.000
    66.000      5.250      3.333      2.500      2.250      0.000      0.907      0.093      0.000      0.000      2.000
    67.000      5.750      3.667      4.000      4.000      0.004      0.002      0.000      0.980      0.014      4.000
    68.000      4.000      1.667      1.500      1.000      0.000      0.000      1.000      0.000      0.000      3.000
    69.000      7.000      5.000      5.000      5.000      0.000      0.000      0.000      0.000      1.000      5.000
    70.000      7.000      4.333      3.750      3.750      0.000      0.003      0.000      0.970      0.027      4.000
    71.000      5.250      4.000      3.250      3.250      0.002      0.326      0.000      0.672      0.000      4.000
    72.000      5.250      3.667      4.000      4.500      0.004      0.000      0.000      0.911      0.085      4.000
    73.000      6.000      3.667      3.250      2.500      0.000      0.990      0.000      0.010      0.000      2.000
    74.000      6.000      3.000      4.000      4.250      0.057      0.003      0.000      0.933      0.007      4.000
    75.000      6.250      3.000      3.250      2.750      0.001      0.993      0.001      0.005      0.000      2.000
    76.000      5.250      4.000      3.750      3.000      0.005      0.237      0.000      0.758      0.000      4.000
    77.000      5.750      2.000      2.000      2.000      0.000      0.001      0.999      0.000      0.000      3.000
    78.000      6.500      3.333      4.000      3.500      0.016      0.080      0.000      0.903      0.001      4.000
    79.000      5.250      3.667      3.250      2.750      0.001      0.950      0.000      0.049      0.000      2.000
    80.000      4.750      1.667      1.750      1.500      0.000      0.000      1.000      0.000      0.000      3.000
    81.000      7.000      5.000      4.000      4.000      0.000      0.000      0.000      0.420      0.580      5.000
    82.000      6.250      4.667      4.250      3.500      0.000      0.001      0.000      0.919      0.080      4.000
    83.000      6.750      4.667      4.250      4.250      0.000      0.000      0.000      0.235      0.765      5.000
    84.000      5.500      3.333      3.000      3.250      0.004      0.895      0.000      0.101      0.000      2.000
    85.000      7.000      2.667      2.750      2.500      0.000      0.939      0.061      0.000      0.000      2.000
    86.000      5.500      3.667      4.000      4.000      0.006      0.001      0.000      0.981      0.012      4.000
    87.000      5.500      3.000      3.000      3.000      0.003      0.985      0.001      0.011      0.000      2.000
    88.000      6.000      3.000      2.750      2.500      0.000      0.972      0.028      0.000      0.000      2.000
    89.000      4.500      2.333      3.000      3.250      0.154      0.822      0.017      0.007      0.000      2.000
    90.000      6.250      3.333      3.750      3.000      0.011      0.737      0.000      0.253      0.000      2.000
    91.000      4.750      2.667      2.750      2.500      0.001      0.729      0.270      0.000      0.000      2.000
    92.000      5.500      4.000      4.750      3.750      0.003      0.000      0.000      0.876      0.121      4.000
    93.000      6.250      3.667      2.500      2.250      0.000      0.990      0.010      0.000      0.000      2.000
    94.000      5.000      3.000      3.000      3.000      0.008      0.978      0.002      0.013      0.000      2.000
    95.000      6.750      3.000      3.000      3.000      0.000      0.992      0.000      0.008      0.000      2.000
    96.000      5.750      3.667      3.750      3.750      0.005      0.015      0.000      0.978      0.002      4.000
    97.000      5.500      2.333      2.500      2.000      0.000      0.028      0.972      0.000      0.000      3.000
    98.000      7.000      4.000      4.000      3.000      0.001      0.167      0.000      0.831      0.001      4.000
    99.000      6.000      3.667      3.750      3.500      0.005      0.059      0.000      0.935      0.001      4.000
   100.000      5.250      2.000      3.000      2.000      0.000      0.044      0.956      0.000      0.000      3.000
   101.000      6.000      4.000      4.000      3.500      0.001      0.009      0.000      0.985      0.004      4.000
   102.000      5.750      4.000      3.250      3.500      0.001      0.114      0.000      0.885      0.000      4.000
   103.000      5.500      2.000      2.500      2.250      0.000      0.018      0.982      0.000      0.000      3.000
   104.000      7.000      5.000      4.750      5.000      0.000      0.000      0.000      0.001      0.999      5.000
   105.000      6.750      4.667      4.250      3.500      0.000      0.001      0.000      0.895      0.104      4.000
   106.000      4.500      4.000      4.250      3.750      0.009      0.001      0.000      0.977      0.013      4.000
   107.000      7.000      2.000      3.000      1.500      0.000      0.016      0.984      0.000      0.000      3.000
   108.000      6.000      3.667      3.500      2.250      0.000      0.992      0.000      0.007      0.000      2.000
   109.000      6.750      4.333      4.000      2.500      0.000      0.504      0.000      0.496      0.000      2.000
   110.000      4.500      2.000      2.000      1.500      0.000      0.000      1.000      0.000      0.000      3.000
   111.000      7.000      2.333      2.500      1.750      0.000      0.027      0.973      0.000      0.000      3.000
   112.000      4.500      2.000      3.000      2.000      0.000      0.025      0.975      0.000      0.000      3.000
   113.000      6.000      3.333      2.750      2.250      0.000      0.981      0.019      0.000      0.000      2.000
   114.000      7.000      5.000      4.750      4.750      0.000      0.000      0.000      0.002      0.998      5.000
   115.000      6.000      4.000      3.500      3.000      0.001      0.452      0.000      0.547      0.000      4.000
   116.000      7.000      3.000      3.000      2.250      0.000      0.986      0.014      0.000      0.000      2.000
   117.000      5.500      4.000      3.500      4.000      0.001      0.003      0.000      0.991      0.005      4.000
   118.000      5.250      2.333      2.250      2.000      0.000      0.007      0.993      0.000      0.000      3.000
   119.000      7.000      1.667      1.500      1.500      0.000      0.000      1.000      0.000      0.000      3.000
   120.000      6.250      3.667      4.250      3.750      0.004      0.003      0.000      0.979      0.014      4.000
   121.000      5.750      3.000      3.500      2.250      0.001      0.994      0.004      0.001      0.000      2.000
   122.000      4.750      3.667      3.500      3.500      0.022      0.086      0.000      0.892      0.000      4.000
   123.000      5.500      2.667      3.000      2.000      0.000      0.578      0.422      0.000      0.000      2.000
   124.000      4.500      1.000      1.500      1.250      0.000      0.000      1.000      0.000      0.000      3.000
   125.000      7.000      3.667      3.500      2.750      0.000      0.919      0.000      0.081      0.000      2.000
   126.000      5.500      3.667      4.000      4.250      0.004      0.000      0.000      0.962      0.034      4.000
   127.000      6.750      4.333      4.750      4.750      0.000      0.000      0.000      0.016      0.984      5.000
   128.000      7.000      3.667      3.750      4.000      0.001      0.005      0.000      0.983      0.012      4.000
   129.000      5.500      4.333      4.000      4.250      0.000      0.000      0.000      0.805      0.195      4.000
   130.000      5.500      3.667      3.250      2.750      0.001      0.944      0.000      0.055      0.000      2.000
   131.000      6.000      3.667      4.250      4.250      0.003      0.000      0.000      0.897      0.101      4.000
   132.000      6.000      3.667      1.500      1.500      0.000      0.023      0.977      0.000      0.000      3.000
   133.000      6.000      2.000      2.000      2.000      0.000      0.001      0.999      0.000      0.000      3.000
   134.000      7.000      3.667      3.250      3.750      0.000      0.103      0.000      0.896      0.001      4.000
   135.000      7.000      3.000      3.250      3.000      0.001      0.979      0.000      0.020      0.000      2.000
   136.000      5.250      1.667      2.000      1.250      0.000      0.000      1.000      0.000      0.000      3.000
   137.000      5.500      3.000      4.000      4.000      0.158      0.008      0.000      0.833      0.001      4.000
   138.000      5.500      3.333      3.750      3.000      0.041      0.631      0.000      0.328      0.000      2.000
   139.000      4.000      1.667      3.750      3.500      0.994      0.005      0.000      0.000      0.000      1.000
   140.000      6.000      2.333      2.750      1.750      0.000      0.037      0.963      0.000      0.000      3.000
   141.000      3.250      2.000      4.000      2.750      0.982      0.017      0.001      0.000      0.000      1.000
   142.000      4.750      3.667      4.000      4.000      0.019      0.001      0.000      0.973      0.007      4.000
   143.000      6.000      3.000      3.250      3.000      0.005      0.967      0.000      0.027      0.000      2.000
   144.000      6.000      4.000      4.000      4.000      0.001      0.001      0.000      0.960      0.039      4.000
   145.000      2.750      3.000      4.000      3.750      0.931      0.001      0.000      0.068      0.000      1.000
   146.000      7.000      5.000      4.000      4.000      0.000      0.000      0.000      0.427      0.573      5.000
   147.000      5.500      3.333      3.500      3.750      0.028      0.068      0.000      0.903      0.000      4.000
   148.000      6.250      4.000      3.750      3.500      0.001      0.021      0.000      0.977      0.002      4.000
   149.000      6.000      4.000      2.750      2.750      0.000      0.976      0.000      0.024      0.000      2.000
   150.000      5.250      2.333      4.250      3.250      0.929      0.041      0.000      0.029      0.000      1.000
   151.000      5.000      3.000      4.000      3.250      0.460      0.166      0.000      0.375      0.000      1.000
   152.000      6.000      4.667      4.750      4.250      0.000      0.000      0.000      0.080      0.920      5.000
   153.000      7.000      4.000      4.250      4.000      0.000      0.000      0.000      0.850      0.149      4.000
   154.000      4.500      3.333      3.500      3.000      0.086      0.699      0.000      0.215      0.000      2.000
   155.000      3.750      3.000      4.500      3.500      0.892      0.001      0.000      0.107      0.000      1.000
   156.000      5.250      2.333      2.250      2.250      0.000      0.023      0.977      0.000      0.000      3.000
   157.000      6.500      3.667      4.500      4.750      0.000      0.000      0.000      0.235      0.765      5.000
   158.000      5.750      2.667      3.250      2.000      0.000      0.835      0.164      0.000      0.000      2.000
   159.000      7.000      3.333      3.750      2.500      0.001      0.977      0.000      0.023      0.000      2.000
   160.000      5.000      3.333      4.000      3.750      0.096      0.009      0.000      0.894      0.001      4.000
   161.000      6.000      4.333      5.000      5.000      0.000      0.000      0.000      0.003      0.997      5.000
   162.000      4.000      3.000      2.750      2.000      0.000      0.400      0.600      0.000      0.000      3.000
   163.000      5.500      3.667      3.250      3.000      0.003      0.793      0.000      0.204      0.000      2.000
   164.000      6.000      4.000      4.750      5.000      0.000      0.000      0.000      0.021      0.979      5.000
   165.000      4.250      1.333      1.750      1.000      0.000      0.000      1.000      0.000      0.000      3.000
   166.000      6.000      4.000      4.000      4.000      0.001      0.000      0.000      0.960      0.039      4.000
   167.000      4.000      4.000      4.000      4.500      0.004      0.000      0.000      0.895      0.101      4.000
   168.000      5.000      3.333      2.750      3.500      0.009      0.766      0.000      0.224      0.000      2.000
   169.000      6.000      4.000      4.000      4.000      0.001      0.000      0.000      0.960      0.039      4.000
   170.000      4.000      3.667      5.000      3.750      0.187      0.000      0.000      0.774      0.038      4.000
   171.000      4.250      4.000      4.500      4.000      0.012      0.000      0.000      0.915      0.074      4.000
   172.000      6.000      3.667      3.000      3.000      0.000      0.914      0.000      0.086      0.000      2.000
   173.000      4.000      2.333      4.750      4.500      0.979      0.000      0.000      0.021      0.000      1.000
   174.000      6.000      4.000      3.750      3.750      0.001      0.004      0.000      0.989      0.006      4.000
   175.000      4.750      4.000      4.500      4.250      0.003      0.000      0.000      0.751      0.246      4.000
   176.000      6.000      4.667      5.000      5.000      0.000      0.000      0.000      0.001      0.999      5.000
   177.000      4.000      4.000      4.500      4.250      0.010      0.000      0.000      0.818      0.172      4.000
   178.000      4.500      2.667      1.750      2.500      0.000      0.021      0.979      0.000      0.000      3.000
   179.000      6.250      3.333      3.000      2.750      0.000      0.991      0.000      0.008      0.000      2.000
   180.000      5.750      3.667      3.250      3.250      0.003      0.499      0.000      0.498      0.000      2.000
   181.000      5.750      4.000      3.500      3.500      0.001      0.037      0.000      0.961      0.001      4.000
   182.000      4.500      3.667      2.750      3.500      0.008      0.504      0.000      0.488      0.000      2.000
   183.000      4.750      3.667      3.750      4.000      0.015      0.002      0.000      0.980      0.003      4.000
   184.000      5.250      4.000      3.500      3.000      0.003      0.334      0.000      0.663      0.000      4.000
   185.000      5.500      3.333      4.000      3.500      0.071      0.038      0.000      0.891      0.000      4.000
   186.000      4.500      4.000      4.250      4.250      0.004      0.000      0.000      0.890      0.105      4.000
   187.000      5.000      4.000      4.500      4.250      0.002      0.000      0.000      0.724      0.274      4.000
   188.000      5.000      3.333      3.500      3.750      0.058      0.050      0.000      0.893      0.000      4.000
   189.000      2.000      3.000      4.000      3.250      0.987      0.002      0.000      0.011      0.000      1.000
   190.000      6.750      4.333      3.250      4.500      0.000      0.000      0.000      0.899      0.100      4.000
   191.000      6.000      3.000      3.250      2.250      0.000      0.989      0.010      0.001      0.000      2.000
   192.000      5.500      2.667      3.750      2.000      0.006      0.969      0.024      0.000      0.000      2.000
   193.000      7.000      4.333      4.750      4.250      0.000      0.000      0.000      0.114      0.886      5.000
   195.000      6.500      4.000      4.500      4.000      0.000      0.000      0.000      0.766      0.233      4.000
   196.000      5.500      2.333      1.750      1.500      0.000      0.000      1.000      0.000      0.000      3.000
   197.000      5.500      4.000      3.750      4.000      0.001      0.001      0.000      0.986      0.012      4.000
   198.000      5.500      2.667      4.000      4.000      0.509      0.009      0.000      0.482      0.000      1.000
   199.000      6.000      3.667      4.500      4.000      0.005      0.000      0.000      0.916      0.079      4.000
   200.000      7.000      5.000      5.000      5.000      0.000      0.000      0.000      0.000      1.000      5.000
   201.000      4.000      2.667      4.250      2.500      0.859      0.133      0.000      0.008      0.000      1.000
   202.000      3.750      3.000      3.750      3.250      0.780      0.083      0.000      0.137      0.000      1.000
   203.000      5.250      2.333      4.000      2.750      0.551      0.438      0.001      0.010      0.000      1.000
   204.000      4.000      2.667      5.000      2.750      0.993      0.002      0.000      0.006      0.000      1.000
   205.000      4.250      1.667      1.250      1.500      0.000      0.000      1.000      0.000      0.000      3.000
   206.000      4.750      4.000      4.500      4.000      0.006      0.000      0.000      0.898      0.096      4.000
   207.000      4.000      3.667      4.500      4.250      0.059      0.000      0.000      0.872      0.069      4.000
   208.000      6.000      5.000      4.500      4.500      0.000      0.000      0.000      0.026      0.974      5.000
   209.000      5.500      3.667      4.750      3.750      0.021      0.000      0.000      0.932      0.047      4.000
   210.000      3.500      2.667      4.250      4.250      0.941      0.000      0.000      0.059      0.000      1.000
   211.000      4.750      4.667      3.500      4.000      0.000      0.000      0.000      0.977      0.022      4.000
   212.000      4.750      3.667      5.000      4.500      0.009      0.000      0.000      0.319      0.672      5.000
   213.000      2.750      3.000      4.000      4.250      0.869      0.000      0.000      0.131      0.000      1.000
   214.000      5.750      3.333      4.500      4.000      0.042      0.000      0.000      0.932      0.026      4.000
   215.000      4.000      2.667      4.000      2.750      0.840      0.146      0.000      0.014      0.000      1.000
   216.000      3.500      2.000      3.000      2.250      0.003      0.035      0.962      0.000      0.000      3.000
   217.000      5.000      2.333      2.000      2.500      0.000      0.019      0.981      0.000      0.000      3.000
   218.000      3.000      4.000      4.500      4.000      0.069      0.000      0.000      0.897      0.034      4.000
   219.000      5.500      4.000      4.000      4.000      0.001      0.000      0.000      0.970      0.028      4.000
   220.000      4.750      4.333      3.000      3.000      0.001      0.454      0.000      0.545      0.000      4.000
   221.000      5.000      4.667      5.000      4.750      0.000      0.000      0.000      0.007      0.993      5.000
   222.000      6.000      4.000      4.000      4.000      0.001      0.000      0.000      0.961      0.038      4.000
   223.000      4.000      2.333      4.000      3.000      0.965      0.031      0.000      0.004      0.000      1.000
   224.000      4.000      3.667      4.000      4.000      0.055      0.001      0.000      0.940      0.004      4.000
   225.000      6.750      4.333      5.000      5.000      0.000      0.000      0.000      0.002      0.998      5.000
   226.000      4.250      3.333      4.750      3.500      0.513      0.001      0.000      0.485      0.001      1.000
   227.000      6.000      4.000      4.000      3.500      0.001      0.006      0.000      0.989      0.004      4.000
   228.000      6.250      4.333      4.250      4.000      0.000      0.000      0.000      0.777      0.222      4.000
   229.000      4.000      3.667      4.750      4.000      0.110      0.000      0.000      0.838      0.051      4.000
   230.000      5.250      4.000      5.000      4.750      0.000      0.000      0.000      0.043      0.957      5.000
   231.000      6.000      4.667      5.000      4.500      0.000      0.000      0.000      0.012      0.988      5.000
   232.000      3.000      3.333      3.750      1.750      0.051      0.926      0.022      0.002      0.000      2.000
   233.000      3.250      2.667      3.000      1.750      0.000      0.064      0.936      0.000      0.000      3.000
   234.000      4.750      2.667      4.000      3.500      0.848      0.026      0.000      0.126      0.000      1.000
   235.000      5.500      4.000      4.500      4.500      0.000      0.000      0.000      0.398      0.602      5.000
   236.000      6.250      4.667      4.250      3.750      0.000      0.000      0.000      0.801      0.199      4.000
   237.000      3.750      3.000      3.500      3.250      0.661      0.191      0.000      0.148      0.000      1.000
   238.000      4.500      3.000      5.000      4.000      0.702      0.000      0.000      0.290      0.008      1.000
   239.000      6.000      3.667      3.500      3.750      0.003      0.022      0.000      0.974      0.001      4.000
   240.000      6.250      4.667      4.750      4.000      0.000      0.000      0.000      0.191      0.809      5.000
   241.000      4.000      3.333      3.750      4.000      0.196      0.003      0.000      0.801      0.001      4.000
   242.000      6.250      2.000      2.750      1.500      0.000      0.003      0.997      0.000      0.000      3.000
   243.000      3.500      2.333      5.000      2.750      0.999      0.000      0.000      0.001      0.000      1.000
   244.000      4.500      3.667      5.000      3.500      0.153      0.000      0.000      0.829      0.018      4.000
   245.000      4.000      3.333      3.500      4.000      0.157      0.007      0.000      0.836      0.000      4.000
   246.000      2.250      2.667      4.250      4.000      0.993      0.000      0.000      0.007      0.000      1.000
   247.000      3.000      3.333      5.000      3.500      0.891      0.000      0.000      0.109      0.000      1.000
   248.000      5.750      3.333      4.000      3.250      0.070      0.116      0.000      0.814      0.000      4.000
   249.000      4.000      3.667      4.000      4.000      0.056      0.000      0.000      0.939      0.004      4.000
   250.000      5.000      4.000      3.500      3.500      0.003      0.023      0.000      0.973      0.000      4.000
   251.000      5.250      4.333      5.000      4.750      0.000      0.000      0.000      0.017      0.983      5.000
   252.000      5.000      3.333      3.500      4.000      0.043      0.010      0.000      0.946      0.001      4.000
   253.000      5.250      3.667      4.500      4.000      0.016      0.000      0.000      0.933      0.050      4.000
   254.000      5.250      4.333      5.000      3.750      0.001      0.000      0.000      0.589      0.410      4.000
   255.000      4.000      4.000      5.000      4.500      0.003      0.000      0.000      0.222      0.774      5.000
   256.000      7.000      2.667      3.500      3.250      0.025      0.876      0.000      0.100      0.000      2.000
   257.000      5.500      3.667      4.000      2.750      0.028      0.409      0.000      0.564      0.000      4.000
   258.000      4.000      2.667      4.750      3.750      0.967      0.000      0.000      0.032      0.000      1.000
   259.000      5.250      3.667      3.000      3.500      0.005      0.282      0.000      0.713      0.000      4.000
   260.000      7.000      3.667      4.250      4.000      0.001      0.000      0.000      0.939      0.060      4.000
   261.000      4.000      4.667      5.000      5.000      0.000      0.000      0.000      0.005      0.995      5.000
   262.000      4.000      3.667      5.000      4.000      0.133      0.000      0.000      0.758      0.109      4.000
   263.000      5.000      4.000      4.000      4.000      0.003      0.000      0.000      0.976      0.021      4.000
   264.000      4.000      3.333      5.000      2.500      0.892      0.013      0.000      0.095      0.000      1.000
   265.000      2.000      2.333      5.000      4.000      1.000      0.000      0.000      0.000      0.000      1.000
   266.000      5.000      3.333      3.500      3.000      0.058      0.670      0.000      0.272      0.000      2.000
   267.000      4.750      3.000      3.750      3.000      0.378      0.445      0.000      0.178      0.000      2.000
   268.000      4.250      3.000      3.750      3.500      0.637      0.044      0.000      0.318      0.000      1.000
   269.000      5.250      3.667      5.000      4.500      0.004      0.000      0.000      0.264      0.732      5.000
   270.000      5.250      4.000      3.500      3.500      0.002      0.023      0.000      0.974      0.000      4.000
   271.000      5.500      4.000      3.000      3.000      0.001      0.699      0.000      0.301      0.000      2.000
   272.000      5.000      3.000      4.500      3.750      0.512      0.001      0.000      0.485      0.001      1.000
   273.000      4.500      3.000      3.500      3.250      0.397      0.353      0.000      0.250      0.000      1.000
   274.000      3.500      3.333      4.000      3.750      0.491      0.002      0.000      0.507      0.000      4.000
   275.000      5.750      4.333      4.500      4.500      0.000      0.000      0.000      0.180      0.819      5.000
   276.000      6.250      4.000      4.500      4.500      0.000      0.000      0.000      0.301      0.699      5.000
   277.000      5.500      3.000      5.000      3.750      0.467      0.000      0.000      0.524      0.009      4.000
   278.000      4.000      3.000      3.750      3.000      0.680      0.210      0.000      0.110      0.000      1.000
   279.000      4.250      3.667      5.000      4.000      0.097      0.000      0.000      0.775      0.129      4.000
   280.000      5.500      2.667      4.500      3.750      0.734      0.002      0.000      0.263      0.000      1.000
   281.000      5.500      3.333      3.250      2.750      0.004      0.958      0.000      0.037      0.000      2.000
   282.000      5.000      3.000      4.250      3.750      0.447      0.004      0.000      0.549      0.001      4.000
   283.000      6.750      4.000      4.000      4.000      0.000      0.000      0.000      0.943      0.057      4.000
   284.000      4.750      4.000      3.750      3.250      0.009      0.030      0.000      0.961      0.000      4.000
   285.000      5.000      3.000      3.750      3.250      0.386      0.241      0.000      0.374      0.000      1.000
   286.000      5.000      5.000      4.750      3.250      0.000      0.000      0.000      0.842      0.158      4.000
   287.000      7.000      4.333      3.500      4.500      0.000      0.000      0.000      0.771      0.229      4.000
   288.000      4.500      4.000      4.000      3.500      0.012      0.003      0.000      0.983      0.002      4.000
   289.000      6.250      4.333      5.000      4.750      0.000      0.000      0.000      0.010      0.990      5.000
   290.000      5.000      3.667      4.750      4.750      0.003      0.000      0.000      0.249      0.749      5.000
   291.000      7.000      3.333      3.750      4.000      0.004      0.007      0.000      0.985      0.004      4.000
   292.000      5.000      4.000      3.750      3.000      0.009      0.111      0.000      0.880      0.000      4.000
   293.000      6.000      3.667      3.750      3.000      0.009      0.312      0.000      0.679      0.000      4.000
   294.000      3.250      2.333      3.750      3.750      0.993      0.001      0.000      0.006      0.000      1.000
   295.000      4.750      3.667      5.000      4.000      0.049      0.000      0.000      0.778      0.173      4.000
   296.000      3.500      2.667      3.750      3.250      0.957      0.022      0.000      0.021      0.000      1.000
   297.000      4.500      2.667      4.750      3.500      0.956      0.000      0.000      0.043      0.000      1.000
   298.000      6.250      3.000      3.250      2.000      0.000      0.971      0.029      0.000      0.000      2.000
   299.000      4.750      4.000      3.750      4.000      0.003      0.000      0.000      0.989      0.008      4.000
   300.000      4.500      3.000      3.750      3.250      0.581      0.144      0.000      0.275      0.000      1.000
   301.000      6.000      5.000      4.750      4.750      0.000      0.000      0.000      0.004      0.996      5.000
   302.000      5.000      4.000      3.750      3.500      0.005      0.008      0.000      0.987      0.001      4.000
   303.000      5.000      4.000      4.250      4.000      0.004      0.000      0.000      0.949      0.048      4.000
   304.000      5.000      2.000      2.000      2.000      0.000      0.000      1.000      0.000      0.000      3.000
   305.000      6.000      2.000      2.500      2.000      0.000      0.007      0.993      0.000      0.000      3.000
   306.000      5.000      4.667      5.000      3.500      0.000      0.000      0.000      0.662      0.337      4.000
   307.000      3.500      3.333      3.000      3.500      0.248      0.256      0.000      0.495      0.000      4.000
   308.000      5.750      4.000      4.750      4.250      0.001      0.000      0.000      0.427      0.572      5.000
   309.000      6.500      3.667      4.500      4.000      0.003      0.000      0.000      0.898      0.099      4.000
   310.000      5.500      4.000      4.000      3.000      0.006      0.053      0.000      0.941      0.000      4.000
   311.000      4.000      2.333      2.750      3.250      0.254      0.666      0.073      0.006      0.000      2.000
   312.000      6.250      4.000      3.250      4.000      0.000      0.004      0.000      0.992      0.003      4.000
   313.000      5.000      3.667      3.250      3.500      0.013      0.107      0.000      0.880      0.000      4.000
   314.000      6.500      3.333      3.500      3.000      0.006      0.760      0.000      0.234      0.000      2.000
   315.000      4.250      4.000      4.000      4.500      0.003      0.000      0.000      0.888      0.109      4.000
   316.000      4.250      3.000      4.500      4.000      0.680      0.000      0.000      0.318      0.001      1.000
   317.000      4.500      2.667      2.750      2.250      0.001      0.364      0.635      0.000      0.000      3.000
   318.000      6.750      4.667      3.500      4.500      0.000      0.000      0.000      0.601      0.399      4.000
   319.000      4.000      2.333      4.000      3.250      0.986      0.008      0.000      0.006      0.000      1.000
   320.000      5.000      4.000      4.000      4.000      0.003      0.000      0.000      0.977      0.020      4.000
   321.000      4.250      3.333      3.750      3.500      0.272      0.030      0.000      0.698      0.000      4.000
   322.000      5.000      4.667      4.750      4.750      0.000      0.000      0.000      0.018      0.982      5.000
   323.000      6.000      2.333      3.500      2.250      0.008      0.911      0.081      0.000      0.000      2.000
   324.000      5.250      3.333      4.000      4.000      0.054      0.001      0.000      0.941      0.003      4.000
   325.000      5.500      3.333      4.750      4.000      0.079      0.000      0.000      0.873      0.048      4.000
   326.000      5.500      4.000      3.750      3.500      0.002      0.008      0.000      0.988      0.001      4.000
   327.000      5.750      2.000      4.750      3.750      0.987      0.000      0.000      0.013      0.000      1.000
   328.000      6.500      4.000      3.750      4.000      0.000      0.001      0.000      0.978      0.021      4.000
   329.000      5.500      3.333      3.500      4.250      0.016      0.002      0.000      0.979      0.002      4.000
   330.000      6.750      2.667      3.500      4.000      0.096      0.084      0.000      0.821      0.000      4.000
   331.000      7.000      4.333      4.750      4.500      0.000      0.000      0.000      0.043      0.957      5.000
   332.000      6.750      4.000      3.500      4.000      0.000      0.002      0.000      0.988      0.010      4.000
   333.000      4.000      2.333      5.000      4.000      0.993      0.000      0.000      0.007      0.000      1.000
   334.000      4.000      3.667      4.000      4.000      0.060      0.000      0.000      0.936      0.004      4.000
   335.000      4.500      4.000      3.750      4.000      0.004      0.000      0.000      0.989      0.006      4.000
   336.000      4.750      3.000      3.750      2.500      0.136      0.835      0.001      0.028      0.000      2.000
   338.000      6.000      2.667      2.750      2.250      0.000      0.641      0.359      0.000      0.000      2.000
   339.000      4.000      2.000      1.250      2.000      0.000      0.000      1.000      0.000      0.000      3.000
   340.000      4.750      3.667      4.750      3.750      0.066      0.000      0.000      0.907      0.027      4.000
   341.000      6.000      4.000      3.500      3.500      0.001      0.022      0.000      0.976      0.001      4.000
   342.000      4.000      3.333      4.000      3.750      0.333      0.003      0.000      0.664      0.000      4.000
   343.000      5.250      3.667      3.750      4.000      0.008      0.001      0.000      0.987      0.004      4.000
   344.000      5.500      4.000      3.000      3.500      0.001      0.103      0.000      0.896      0.000      4.000
   345.000      4.500      3.333      4.000      3.750      0.198      0.003      0.000      0.798      0.001      4.000
   346.000      5.500      4.000      4.000      3.250      0.005      0.012      0.000      0.982      0.001      4.000
   347.000      3.750      2.667      3.500      4.000      0.887      0.004      0.000      0.109      0.000      1.000
   348.000      4.250      4.000      4.750      3.750      0.025      0.000      0.000      0.920      0.054      4.000
   349.000      6.250      3.667      3.000      1.250      0.000      0.878      0.122      0.000      0.000      2.000
   350.000      5.500      3.667      4.500      4.000      0.012      0.000      0.000      0.932      0.056      4.000
   351.000      5.250      4.000      3.500      3.500      0.003      0.017      0.000      0.980      0.000      4.000
   352.000      5.500      4.000      3.500      3.500      0.002      0.018      0.000      0.979      0.001      4.000
   353.000      5.000      2.333      2.000      2.000      0.000      0.002      0.998      0.000      0.000      3.000
   354.000      4.250      4.333      4.250      4.750      0.000      0.000      0.000      0.304      0.696      5.000
   355.000      5.000      3.667      4.750      4.000      0.031      0.000      0.000      0.877      0.093      4.000
   356.000      5.250      4.000      3.750      2.750      0.008      0.292      0.000      0.701      0.000      4.000
   357.000      5.000      4.333      4.000      3.250      0.002      0.004      0.000      0.993      0.002      4.000
   358.000      4.000      4.000      4.750      4.250      0.012      0.000      0.000      0.675      0.313      4.000
   359.000      5.250      2.667      4.250      2.750      0.763      0.185      0.000      0.051      0.000      1.000
   360.000      7.000      2.667      4.750      4.000      0.237      0.001      0.000      0.748      0.014      4.000
   361.000      4.750      4.000      4.000      3.250      0.013      0.009      0.000      0.977      0.001      4.000
   362.000      4.250      3.333      3.000      3.500      0.106      0.308      0.000      0.586      0.000      4.000
   363.000      6.000      4.000      4.000      3.500      0.002      0.003      0.000      0.991      0.004      4.000
   364.000      4.750      2.000      4.750      2.000      0.954      0.046      0.001      0.000      0.000      1.000
   365.000      4.750      3.000      2.500      2.250      0.000      0.515      0.485      0.000      0.000      2.000
   366.000      6.750      4.333      4.500      2.750      0.001      0.016      0.000      0.980      0.003      4.000
   367.000      5.250      4.000      4.000      3.000      0.009      0.040      0.000      0.951      0.000      4.000
   368.000      4.750      2.333      3.000      2.750      0.048      0.779      0.172      0.001      0.000      2.000
   369.000      6.250      2.000      2.000      1.500      0.000      0.000      1.000      0.000      0.000      3.000
   370.000      6.750      4.000      3.750      4.000      0.000      0.001      0.000      0.975      0.024      4.000
   371.000      5.750      4.333      4.000      4.250      0.000      0.000      0.000      0.797      0.203      4.000
   372.000      7.000      4.000      4.000      4.000      0.000      0.000      0.000      0.937      0.063      4.000
   373.000      3.500      3.333      4.750      4.500      0.388      0.000      0.000      0.532      0.080      4.000
   374.000      5.250      4.000      3.750      4.000      0.002      0.000      0.000      0.988      0.010      4.000
   375.000      3.500      3.333      4.500      4.250      0.446      0.000      0.000      0.543      0.011      4.000
   377.000      5.000      4.000      5.000      4.500      0.001      0.000      0.000      0.143      0.857      5.000
   378.000      3.750      1.667      2.250      1.750      0.000      0.000      1.000      0.000      0.000      3.000
   379.000      4.250      2.000      2.000      2.000      0.000      0.000      1.000      0.000      0.000      3.000
   380.000      6.250      4.000      4.000      3.250      0.002      0.014      0.000      0.983      0.002      4.000
   381.000      5.750      4.000      4.000      3.250      0.003      0.012      0.000      0.984      0.001      4.000
   382.000      6.000      3.667      3.250      2.500      0.001      0.967      0.000      0.032      0.000      2.000
   383.000      6.250      2.667      4.000      3.500      0.431      0.088      0.000      0.481      0.000      4.000
   384.000      7.000      4.333      5.000      5.000      0.000      0.000      0.000      0.002      0.998      5.000
   385.000      4.000      2.000      2.000      2.000      0.000      0.000      1.000      0.000      0.000      3.000
   386.000      4.500      2.000      2.750      2.500      0.002      0.067      0.931      0.000      0.000      3.000
   387.000      7.000      4.333      4.000      2.750      0.000      0.088      0.000      0.911      0.001      4.000
   388.000      7.000      5.000      4.000      4.500      0.000      0.000      0.000      0.082      0.918      5.000
   389.000      5.500      4.000      3.750      3.250      0.004      0.025      0.000      0.971      0.000      4.000
   390.000      5.000      3.000      2.250      1.750      0.000      0.036      0.964      0.000      0.000      3.000
   391.000      4.500      4.000      3.500      3.750      0.005      0.003      0.000      0.991      0.001      4.000
   392.000      1.750      1.667      3.500      2.000      0.110      0.004      0.886      0.000      0.000      3.000
   393.000      5.750      4.667      4.000      3.250      0.000      0.002      0.000      0.991      0.008      4.000
   394.000      5.750      3.000      3.250      2.500      0.004      0.987      0.004      0.005      0.000      2.000
   395.000      4.750      3.000      4.250      3.750      0.555      0.002      0.000      0.443      0.000      1.000
   396.000      6.500      3.667      4.000      4.500      0.001      0.000      0.000      0.852      0.147      4.000
   397.000      5.000      3.000      3.250      2.750      0.035      0.939      0.002      0.025      0.000      2.000
   398.000      7.000      5.000      5.000      5.000      0.000      0.000      0.000      0.000      1.000      5.000
   399.000      5.500      3.333      4.500      4.500      0.027      0.000      0.000      0.807      0.165      4.000
   400.000      5.750      3.333      3.000      2.500      0.001      0.991      0.003      0.006      0.000      2.000
   401.000      4.000      4.667      5.000      4.750      0.000      0.000      0.000      0.014      0.986      5.000
   402.000      7.000      4.000      3.500      3.750      0.000      0.006      0.000      0.990      0.004      4.000
   403.000      6.250      2.000      2.500      2.500      0.000      0.080      0.920      0.000      0.000      3.000
   405.000      7.000      4.333      4.750      4.750      0.000      0.000      0.000      0.015      0.985      5.000
   406.000      4.250      4.000      4.500      4.750      0.002      0.000      0.000      0.330      0.669      5.000
   407.000      5.000      2.000      4.250      3.750      0.992      0.001      0.000      0.007      0.000      1.000
   408.000      6.000      4.667      4.000      4.250      0.000      0.000      0.000      0.567      0.433      4.000
   409.000      6.250      4.000      4.000      4.000      0.001      0.000      0.000      0.959      0.041      4.000
   410.000      4.500      2.333      4.000      2.750      0.917      0.078      0.000      0.005      0.000      1.000
   411.000      5.500      3.333      4.500      3.750      0.097      0.001      0.000      0.896      0.007      4.000
   412.000      5.750      3.667      3.750      3.500      0.009      0.017      0.000      0.973      0.001      4.000
   413.000      6.000      4.333      4.500      4.250      0.000      0.000      0.000      0.378      0.622      5.000
   414.000      7.000      3.333      4.000      4.000      0.005      0.002      0.000      0.984      0.009      4.000
   415.000      5.500      4.000      3.500      3.750      0.001      0.004      0.000      0.993      0.002      4.000
   416.000      6.500      4.333      5.000      5.000      0.000      0.000      0.000      0.003      0.997      5.000
   417.000      6.250      3.000      2.250      3.000      0.000      0.971      0.027      0.002      0.000      2.000
   418.000      4.750      3.667      4.500      4.250      0.024      0.000      0.000      0.877      0.099      4.000
   419.000      6.250      4.000      3.750      3.250      0.001      0.028      0.000      0.970      0.001      4.000
   420.000      5.750      3.333      3.500      3.250      0.038      0.293      0.000      0.669      0.000      4.000
   421.000      5.250      3.667      4.000      3.750      0.017      0.001      0.000      0.979      0.003      4.000
   422.000      4.750      3.667      4.500      3.500      0.079      0.001      0.000      0.917      0.004      4.000
   423.000      6.000      3.333      3.500      4.250      0.008      0.002      0.000      0.987      0.003      4.000
   424.000      7.000      4.000      3.500      3.000      0.000      0.255      0.000      0.745      0.000      4.000
   425.000      4.500      2.333      2.500      2.000      0.000      0.010      0.990      0.000      0.000      3.000
   426.000      5.750      4.000      3.750      3.750      0.001      0.002      0.000      0.993      0.004      4.000
   427.000      5.500      4.000      5.000      5.000      0.000      0.000      0.000      0.014      0.986      5.000
   428.000      5.000      2.333      3.000      2.250      0.002      0.327      0.670      0.000      0.000      3.000
   429.000      3.750      2.667      3.750      4.000      0.917      0.001      0.000      0.082      0.000      1.000
   430.000      6.500      4.000      4.000      4.000      0.000      0.000      0.000      0.953      0.047      4.000
   432.000      6.000      3.667      4.000      3.250      0.012      0.027      0.000      0.960      0.000      4.000
   433.000      6.000      3.667      4.000      3.750      0.006      0.002      0.000      0.988      0.004      4.000
   434.000      4.250      2.333      2.500      2.250      0.000      0.027      0.973      0.000      0.000      3.000
   435.000      4.750      3.333      3.750      4.000      0.088      0.002      0.000      0.909      0.001      4.000
   436.000      4.000      3.000      2.750      2.750      0.022      0.923      0.048      0.006      0.000      2.000
   437.000      5.750      3.667      2.750      3.000      0.001      0.896      0.000      0.103      0.000      2.000
   438.000      7.000      4.667      5.000      4.000      0.000      0.000      0.000      0.064      0.936      5.000
   439.000      7.000      5.000      4.750      4.000      0.000      0.000      0.000      0.059      0.941      5.000
   440.000      6.250      4.333      3.500      4.500      0.000      0.000      0.000      0.849      0.151      4.000
   441.000      5.750      1.667      2.000      2.000      0.000      0.000      1.000      0.000      0.000      3.000
   442.000      6.000      4.000      4.750      4.250      0.000      0.000      0.000      0.404      0.595      5.000
   443.000      7.000      5.000      4.250      3.500      0.000      0.000      0.000      0.764      0.236      4.000
   444.000      6.750      4.333      4.500      4.500      0.000      0.000      0.000      0.115      0.885      5.000
   446.000      5.500      1.667      4.000      3.000      0.961      0.037      0.000      0.001      0.000      1.000
   447.000      4.750      3.333      4.000      2.750      0.332      0.285      0.000      0.383      0.000      4.000
   448.000      6.000      1.333      1.250      1.000      0.000      0.000      1.000      0.000      0.000      3.000
   449.000      6.500      4.000      4.250      4.000      0.000      0.000      0.000      0.896      0.103      4.000
   450.000      5.500      3.333      3.750      4.000      0.033      0.002      0.000      0.963      0.002      4.000
   451.000      6.000      2.333      4.000      2.750      0.505      0.472      0.000      0.022      0.000      1.000
   452.000      5.500      4.000      3.750      3.750      0.002      0.001      0.000      0.993      0.004      4.000
   453.000      6.000      3.667      3.750      4.000      0.003      0.001      0.000      0.990      0.006      4.000
   454.000      6.000      4.000      5.000      4.750      0.000      0.000      0.000      0.030      0.970      5.000
   455.000      3.000      3.333      4.750      3.500      0.879      0.000      0.000      0.121      0.000      1.000
   456.000      4.500      3.000      2.500      2.250      0.000      0.450      0.550      0.000      0.000      3.000
   457.000      5.250      4.667      3.500      4.500      0.000      0.000      0.000      0.796      0.204      4.000
   458.000      5.000      3.667      4.000      3.750      0.024      0.001      0.000      0.972      0.002      4.000
   459.000      5.750      3.667      4.750      4.500      0.002      0.000      0.000      0.407      0.590      5.000
   460.000      4.250      2.333      3.750      3.500      0.978      0.007      0.000      0.015      0.000      1.000
   461.000      5.250      2.333      4.000      4.000      0.904      0.002      0.000      0.094      0.000      1.000
   462.000      4.750      2.333      5.000      2.250      0.992      0.007      0.000      0.001      0.000      1.000
   463.000      5.250      2.000      2.250      2.000      0.000      0.001      0.999      0.000      0.000      3.000
   464.000      5.250      3.667      3.750      3.250      0.027      0.045      0.000      0.928      0.000      4.000
   465.000      4.000      4.333      4.500      4.000      0.004      0.000      0.000      0.858      0.139      4.000
   466.000      6.250      3.667      4.250      3.250      0.012      0.011      0.000      0.976      0.001      4.000
   467.000      4.000      2.000      2.750      1.500      0.000      0.000      1.000      0.000      0.000      3.000
   468.000      4.250      3.000      3.750      3.500      0.684      0.019      0.000      0.297      0.000      1.000
   469.000      5.250      4.000      4.000      4.000      0.002      0.000      0.000      0.975      0.022      4.000
   470.000      4.000      2.667      3.500      3.250      0.886      0.069      0.000      0.045      0.000      1.000
   471.000      4.000      1.667      2.750      1.750      0.000      0.000      1.000      0.000      0.000      3.000
   472.000      6.250      3.667      5.000      4.250      0.002      0.000      0.000      0.395      0.603      5.000
   473.000      6.750      2.333      3.000      2.000      0.000      0.356      0.644      0.000      0.000      3.000
   474.000      6.000      4.333      3.250      3.750      0.000      0.003      0.000      0.994      0.002      4.000
   475.000      5.500      3.000      4.000      3.750      0.259      0.007      0.000      0.734      0.000      4.000
   476.000      5.750      3.667      4.250      3.750      0.011      0.001      0.000      0.979      0.009      4.000
   477.000      5.750      1.333      1.750      1.000      0.000      0.000      1.000      0.000      0.000      3.000
   478.000      5.250      3.333      2.750      3.250      0.010      0.806      0.000      0.184      0.000      2.000
   479.000      4.750      1.667      4.500      3.750      0.999      0.000      0.000      0.001      0.000      1.000
   480.000      5.000      3.333      2.500      3.500      0.011      0.707      0.000      0.282      0.000      2.000
   481.000      7.000      5.000      4.750      5.000      0.000      0.000      0.000      0.001      0.999      5.000
   482.000      5.500      3.667      4.000      4.000      0.008      0.000      0.000      0.981      0.010      4.000
   483.000      5.500      2.667      4.000      3.750      0.648      0.009      0.000      0.343      0.000      1.000
   484.000      7.000      3.667      4.000      3.250      0.003      0.030      0.000      0.966      0.001      4.000
   485.000      6.000      3.000      2.500      2.500      0.000      0.892      0.107      0.000      0.000      2.000
   486.000      6.750      3.000      2.000      1.750      0.000      0.041      0.959      0.000      0.000      3.000
   487.000      4.500      3.000      4.000      3.500      0.676      0.008      0.000      0.316      0.000      1.000
   488.000      2.750      2.667      2.500      2.000      0.000      0.013      0.987      0.000      0.000      3.000
   489.000      5.500      2.333      3.500      3.250      0.644      0.305      0.000      0.050      0.000      1.000
   490.000      4.000      1.667      3.750      3.250      0.997      0.003      0.000      0.000      0.000      1.000
   491.000      5.750      3.667      4.000      4.000      0.006      0.000      0.000      0.982      0.011      4.000
   492.000      7.000      3.000      4.000      3.500      0.056      0.050      0.000      0.893      0.000      4.000
   493.000      6.000      3.667      3.750      3.000      0.012      0.173      0.000      0.815      0.000      4.000
   494.000      3.750      3.667      3.500      4.250      0.039      0.000      0.000      0.959      0.002      4.000
   495.000      4.250      2.667      4.000      4.250      0.838      0.000      0.000      0.162      0.000      1.000
   496.000      4.500      3.667      4.250      4.000      0.043      0.000      0.000      0.944      0.012      4.000
   497.000      5.250      3.000      3.250      3.500      0.186      0.260      0.000      0.554      0.000      4.000
   498.000      3.750      5.000      3.000      3.750      0.000      0.000      0.000      0.998      0.002      4.000
   499.000      5.000      3.000      4.000      4.250      0.252      0.000      0.000      0.745      0.002      4.000
   500.000      6.750      3.333      4.000      3.750      0.011      0.005      0.000      0.981      0.003      4.000
   501.000      6.250      3.667      4.250      3.750      0.006      0.001      0.000      0.982      0.012      4.000
   502.000      3.000      1.667      2.250      1.750      0.000      0.000      1.000      0.000      0.000      3.000
   503.000      6.000      3.667      4.000      3.750      0.006      0.001      0.000      0.988      0.004      4.000
   504.000      5.750      4.333      3.500      3.750      0.000      0.001      0.000      0.994      0.005      4.000
   505.000      4.000      4.000      4.000      4.000      0.013      0.000      0.000      0.976      0.010      4.000
   506.000      4.750      3.667      3.750      3.750      0.027      0.002      0.000      0.970      0.001      4.000
   507.000      4.000      3.333      4.250      2.750      0.740      0.042      0.000      0.218      0.000      1.000
   509.000      5.250      4.000      4.000      3.500      0.005      0.002      0.000      0.991      0.002      4.000
   510.000      5.750      3.333      3.750      3.250      0.065      0.105      0.000      0.830      0.000      4.000
   511.000      4.000      5.000      4.500      5.000      0.000      0.000      0.000      0.011      0.989      5.000
   512.000      7.000      3.000      3.000      3.750      0.010      0.318      0.000      0.672      0.000      4.000
   513.000      4.500      3.000      4.750      4.250      0.598      0.000      0.000      0.390      0.013      1.000
   514.000      6.750      4.333      4.250      4.750      0.000      0.000      0.000      0.095      0.905      5.000
   515.000      3.250      2.000      3.500      4.000      0.998      0.000      0.000      0.002      0.000      1.000
   516.000      5.500      3.333      4.000      3.500      0.090      0.011      0.000      0.899      0.000      4.000
   517.000      5.000      3.333      3.750      3.500      0.131      0.021      0.000      0.847      0.000      4.000
   518.000      6.000      3.000      2.250      2.250      0.000      0.441      0.559      0.000      0.000      3.000
   519.000      5.250      4.667      4.250      4.250      0.000      0.000      0.000      0.473      0.527      5.000
   520.000      3.000      4.000      4.000      4.000      0.053      0.000      0.000      0.942      0.006      4.000
   521.000      6.500      4.000      4.000      4.000      0.000      0.000      0.000      0.955      0.045      4.000
   522.000      5.750      4.333      4.500      4.250      0.000      0.000      0.000      0.425      0.575      5.000
   523.000      5.500      4.000      4.500      3.500      0.006      0.000      0.000      0.978      0.016      4.000
   524.000      4.250      3.000      4.750      3.750      0.825      0.000      0.000      0.174      0.001      1.000
   525.000      4.750      3.333      3.500      3.750      0.103      0.012      0.000      0.885      0.000      4.000
   526.000      4.750      3.667      3.750      3.250      0.056      0.030      0.000      0.914      0.000      4.000
   527.000      6.750      4.667      5.000      4.750      0.000      0.000      0.000      0.003      0.997      5.000
   528.000      5.000      3.667      5.000      4.250      0.020      0.000      0.000      0.573      0.406      4.000
   529.000      5.750      2.667      4.000      3.750      0.573      0.010      0.000      0.418      0.000      1.000
   530.000      6.500      5.000      3.750      4.250      0.000      0.000      0.000      0.480      0.520      5.000
   532.000      4.750      3.000      3.250      3.750      0.304      0.057      0.000      0.639      0.000      4.000
   533.000      5.000      3.333      3.500      3.750      0.075      0.013      0.000      0.912      0.000      4.000
   535.000      4.750      3.667      4.750      5.000      0.002      0.000      0.000      0.123      0.875      5.000
   536.000      4.000      3.000      4.000      3.000      0.882      0.026      0.000      0.091      0.000      1.000
   537.000      4.250      2.667      2.250      3.000      0.008      0.583      0.408      0.001      0.000      2.000
   538.000      6.000      3.333      3.000      3.500      0.012      0.310      0.000      0.678      0.000      4.000
   539.000      6.000      4.000      3.500      3.500      0.001      0.010      0.000      0.988      0.001      4.000
   540.000      6.000      3.333      3.250      3.000      0.012      0.731      0.000      0.257      0.000      2.000
   541.000      5.750      3.667      3.750      4.000      0.005      0.001      0.000      0.990      0.005      4.000
   542.000      5.000      3.667      4.250      4.000      0.023      0.000      0.000      0.961      0.017      4.000
   543.000      7.000      3.000      5.000      3.750      0.111      0.000      0.000      0.858      0.031      4.000
   544.000      4.500      3.667      3.500      3.000      0.072      0.197      0.000      0.731      0.000      4.000
   545.000      6.750      2.667      2.750      2.000      0.000      0.454      0.546      0.000      0.000      3.000
   546.000      6.500      4.000      4.000      4.500      0.000      0.000      0.000      0.701      0.299      4.000
   547.000      6.250      4.333      3.750      4.250      0.000      0.000      0.000      0.882      0.118      4.000
   548.000      5.500      2.667      3.750      3.250      0.653      0.147      0.000      0.200      0.000      1.000
   549.000      6.000      4.333      4.000      3.500      0.000      0.001      0.000      0.989      0.010      4.000
   550.000      6.750      3.333      4.250      4.250      0.007      0.000      0.000      0.940      0.053      4.000
   551.000      5.250      3.000      3.250      3.000      0.099      0.769      0.001      0.132      0.000      2.000
   552.000      4.750      3.333      4.500      3.250      0.423      0.003      0.000      0.574      0.000      4.000
   553.000      5.500      3.667      3.500      3.500      0.011      0.022      0.000      0.967      0.000      4.000
   554.000      7.000      3.333      2.000      2.000      0.000      0.445      0.555      0.000      0.000      3.000
   555.000      4.500      3.000      4.000      3.750      0.603      0.002      0.000      0.394      0.000      1.000
   556.000      6.000      4.333      4.250      3.750      0.000      0.000      0.000      0.933      0.066      4.000
   557.000      7.000      3.333      2.500      2.500      0.000      0.987      0.012      0.001      0.000      2.000
   558.000      5.750      3.000      3.750      3.500      0.216      0.053      0.000      0.731      0.000      4.000
   559.000      6.000      3.000      4.000      3.750      0.155      0.007      0.000      0.838      0.001      4.000
   560.000      5.000      4.000      4.000      3.250      0.011      0.005      0.000      0.984      0.001      4.000
   561.000      5.250      3.667      3.500      4.000      0.007      0.001      0.000      0.990      0.001      4.000
   563.000      5.500      4.000      4.250      3.750      0.003      0.000      0.000      0.977      0.020      4.000
   564.000      5.000      3.667      3.750      3.250      0.041      0.028      0.000      0.931      0.000      4.000
   565.000      6.000      3.333      3.250      2.500      0.003      0.972      0.001      0.025      0.000      2.000
   566.000      3.250      2.000      1.750      2.250      0.000      0.000      1.000      0.000      0.000      3.000
   567.000      6.500      5.000      5.000      5.000      0.000      0.000      0.000      0.000      1.000      5.000
   568.000      4.250      4.000      4.000      3.500      0.021      0.001      0.000      0.977      0.001      4.000
   569.000      5.750      2.333      2.750      2.250      0.000      0.199      0.800      0.000      0.000      3.000
   570.000      6.000      3.333      3.750      2.500      0.024      0.846      0.000      0.130      0.000      2.000
   571.000      4.750      2.667      3.500      2.750      0.428      0.542      0.003      0.027      0.000      2.000
   572.000      5.000      4.333      4.000      4.000      0.001      0.000      0.000      0.952      0.047      4.000
   573.000      4.750      4.333      4.500      3.750      0.002      0.000      0.000      0.924      0.074      4.000
   574.000      4.500      3.333      4.000      4.000      0.165      0.000      0.000      0.833      0.002      4.000
   575.000      6.000      4.000      3.500      4.000      0.000      0.001      0.000      0.993      0.006      4.000
   576.000      4.000      3.333      4.000      3.000      0.630      0.031      0.000      0.338      0.000      1.000
   577.000      6.750      4.667      4.000      4.750      0.000      0.000      0.000      0.089      0.911      5.000
   578.000      5.000      2.667      2.750      3.000      0.040      0.911      0.037      0.012      0.000      2.000
   579.000      6.000      4.333      4.000      4.250      0.000      0.000      0.000      0.787      0.213      4.000
   580.000      4.500      3.667      3.750      2.750      0.124      0.239      0.000      0.637      0.000      4.000
   581.000      4.750      3.333      4.750      4.250      0.162      0.000      0.000      0.765      0.073      4.000
   582.000      4.000      2.667      4.000      4.000      0.920      0.000      0.000      0.080      0.000      1.000
   584.000      6.750      4.000      3.500      4.000      0.000      0.001      0.000      0.990      0.009      4.000
   585.000      7.000      5.000      4.500      4.750      0.000      0.000      0.000      0.006      0.994      5.000
   586.000      7.000      4.667      4.750      5.000      0.000      0.000      0.000      0.002      0.998      5.000
   587.000      6.750      3.667      3.250      3.000      0.002      0.526      0.000      0.473      0.000      2.000
   588.000      6.000      4.000      3.500      4.000      0.000      0.001      0.000      0.993      0.006      4.000
   589.000      4.000      3.333      5.000      4.750      0.138      0.000      0.000      0.370      0.492      5.000
   590.000      5.500      3.667      4.000      4.000      0.009      0.000      0.000      0.981      0.009      4.000
   591.000      5.500      4.000      3.750      3.750      0.002      0.001      0.000      0.994      0.003      4.000
   592.000      5.000      4.000      4.000      4.000      0.003      0.000      0.000      0.978      0.018      4.000
   593.000      4.750      4.667      4.250      3.750      0.000      0.000      0.000      0.919      0.080      4.000
