     6.500      2.000      2.250      2.000      1.000      0.000      1.000
     6.250      3.000      3.750      3.000      0.031      0.969      2.000
     5.750      3.667      3.500      3.750      0.000      1.000      2.000
     5.500      2.667      3.000      2.500      0.965      0.035      1.000
     5.500      4.000      3.500      3.750      0.000      1.000      2.000
     6.500      3.667      3.250      3.500      0.004      0.996      2.000
     5.250      1.000      1.750      1.000      1.000      0.000      1.000
     7.000      3.333      4.000      2.750      0.012      0.988      2.000
     6.500      2.333      2.500      2.000      1.000      0.000      1.000
     7.000      3.000      3.000      3.500      0.066      0.934      2.000
     6.000      2.333      3.750      2.500      0.726      0.274      1.000
     4.750      2.667      2.000      2.000      1.000      0.000      1.000
     6.750      2.667      3.750      2.750      0.216      0.784      2.000
     6.250      3.667      4.000      3.000      0.002      0.998      2.000
     5.250      4.000      4.250      5.000      0.000      1.000      2.000
     6.500      5.000      4.000      4.500      0.000      1.000      2.000
     6.250      1.333      2.250      1.750      1.000      0.000      1.000
     7.000      4.000      3.250      3.500      0.001      0.999      2.000
     5.750      1.667      2.250      1.500      1.000      0.000      1.000
     6.250      2.667      4.000      1.500      0.975      0.025      1.000
     5.000      4.000      3.000      3.000      0.048      0.952      2.000
     6.000      4.000      3.750      2.750      0.006      0.994      2.000
     5.500      2.667      2.750      1.250      1.000      0.000      1.000
     4.750      2.333      3.000      1.750      1.000      0.000      1.000
     5.500      4.000      3.500      4.000      0.000      1.000      2.000
     6.750      4.333      4.250      4.500      0.000      1.000      2.000
     5.750      4.000      3.250      3.250      0.005      0.995      2.000
     6.250      3.667      3.500      2.000      0.622      0.378      1.000
     5.250      3.000      2.750      3.000      0.737      0.263      1.000
     5.750      2.333      2.000      2.000      1.000      0.000      1.000
     6.750      3.000      3.500      3.250      0.027      0.973      2.000
     5.750      2.667      4.000      2.500      0.255      0.745      2.000
     6.000      4.333      3.750      3.000      0.001      0.999      2.000
     6.000      2.667      4.000      3.750      0.001      0.999      2.000
     6.000      3.667      4.000      3.500      0.000      1.000      2.000
     7.000      3.667      4.000      3.750      0.000      1.000      2.000
     4.500      1.333      2.250      2.000      1.000      0.000      1.000
     6.000      4.000      3.250      3.250      0.005      0.995      2.000
     4.000      3.000      3.250      3.000      0.266      0.734      2.000
     5.500      4.000      4.000      3.750      0.000      1.000      2.000
     7.000      5.000      5.000      5.000      0.000      1.000      2.000
     5.250      4.000      4.000      3.250      0.000      1.000      2.000
     7.000      3.000      2.750      2.750      0.886      0.114      1.000
     5.750      3.000      3.500      3.500      0.009      0.991      2.000
     5.250      2.667      2.250      3.000      0.985      0.015      1.000
     7.000      2.333      2.500      2.250      0.999      0.001      1.000
     6.000      4.000      3.750      3.750      0.000      1.000      2.000
     7.000      3.000      3.500      2.250      0.767      0.233      1.000
     5.000      1.667      1.500      1.500      1.000      0.000      1.000
     7.000      2.000      3.750      2.500      0.865      0.135      1.000
     7.000      4.333      4.750      4.250      0.000      1.000      2.000
     7.000      3.000      3.500      3.000      0.082      0.918      2.000
     5.500      4.333      3.750      3.750      0.000      1.000      2.000
     6.500      2.333      3.000      2.000      0.999      0.001      1.000
     5.500      3.667      3.750      3.500      0.000      1.000      2.000
     6.500      2.333      2.250      1.750      1.000      0.000      1.000
     6.000      4.000      4.000      4.000      0.000      1.000      2.000
     5.500      4.000      3.750      3.250      0.001      0.999      2.000
     5.500      4.333      3.750      3.500      0.000      1.000      2.000
     6.250      3.667      3.250      3.750      0.001      0.999      2.000
     2.000      1.667      2.500      1.500      1.000      0.000      1.000
     6.250      3.000      3.000      3.000      0.459      0.541      2.000
     7.000      4.000      4.000      4.000      0.000      1.000      2.000
     6.000      3.667      3.250      3.000      0.039      0.961      2.000
     5.000      2.667      2.500      2.250      0.999      0.001      1.000
     5.250      3.333      2.500      2.250      0.991      0.009      1.000
     5.750      3.667      4.000      4.000      0.000      1.000      2.000
     4.000      1.667      1.500      1.000      1.000      0.000      1.000
     7.000      5.000      5.000      5.000      0.000      1.000      2.000
     7.000      4.333      3.750      3.750      0.000      1.000      2.000
     5.250      4.000      3.250      3.250      0.005      0.995      2.000
     5.250      3.667      4.000      4.500      0.000      1.000      2.000
     6.000      3.667      3.250      2.500      0.312      0.688      2.000
     6.000      3.000      4.000      4.250      0.000      1.000      2.000
     6.250      3.000      3.250      2.750      0.488      0.512      2.000
     5.250      4.000      3.750      3.000      0.002      0.998      2.000
     5.750      2.000      2.000      2.000      1.000      0.000      1.000
     6.500      3.333      4.000      3.500      0.000      1.000      2.000
     5.250      3.667      3.250      2.750      0.128      0.872      2.000
     4.750      1.667      1.750      1.500      1.000      0.000      1.000
     7.000      5.000      4.000      4.000      0.000      1.000      2.000
     6.250      4.667      4.250      3.500      0.000      1.000      2.000
     6.750      4.667      4.250      4.250      0.000      1.000      2.000
     5.500      3.333      3.000      3.250      0.093      0.907      2.000
     7.000      2.667      2.750      2.500      0.986      0.014      1.000
     5.500      3.667      4.000      4.000      0.000      1.000      2.000
     5.500      3.000      3.000      3.000      0.479      0.521      2.000
     6.000      3.000      2.750      2.500      0.966      0.034      1.000
     4.500      2.333      3.000      3.250      0.687      0.313      1.000
     6.250      3.333      3.750      3.000      0.012      0.988      2.000
     4.750      2.667      2.750      2.500      0.989      0.011      1.000
     5.500      4.000      4.750      3.750      0.000      1.000      2.000
     6.250      3.667      2.500      2.250      0.975      0.025      1.000
     5.000      3.000      3.000      3.000      0.492      0.508      2.000
     6.750      3.000      3.000      3.000      0.446      0.554      2.000
     5.750      3.667      3.750      3.750      0.000      1.000      2.000
     5.500      2.333      2.500      2.000      1.000      0.000      1.000
     7.000      4.000      4.000      3.000      0.001      0.999      2.000
     6.000      3.667      3.750      3.500      0.000      1.000      2.000
     5.250      2.000      3.000      2.000      1.000      0.000      1.000
     6.000      4.000      4.000      3.500      0.000      1.000      2.000
     5.750      4.000      3.250      3.500      0.001      0.999      2.000
     5.500      2.000      2.500      2.250      1.000      0.000      1.000
     7.000      5.000      4.750      5.000      0.000      1.000      2.000
     6.750      4.667      4.250      3.500      0.000      1.000      2.000
     4.500      4.000      4.250      3.750      0.000      1.000      2.000
     7.000      2.000      3.000      1.500      1.000      0.000      1.000
     6.000      3.667      3.500      2.250      0.337      0.663      2.000
     6.750      4.333      4.000      2.500      0.002      0.998      2.000
     4.500      2.000      2.000      1.500      1.000      0.000      1.000
     7.000      2.333      2.500      1.750      1.000      0.000      1.000
     4.500      2.000      3.000      2.000      1.000      0.000      1.000
     6.000      3.333      2.750      2.250      0.973      0.027      1.000
     7.000      5.000      4.750      4.750      0.000      1.000      2.000
     6.000      4.000      3.500      3.000      0.005      0.995      2.000
     7.000      3.000      3.000      2.250      0.967      0.033      1.000
     5.500      4.000      3.500      4.000      0.000      1.000      2.000
     5.250      2.333      2.250      2.000      1.000      0.000      1.000
     7.000      1.667      1.500      1.500      1.000      0.000      1.000
     6.250      3.667      4.250      3.750      0.000      1.000      2.000
     5.750      3.000      3.500      2.250      0.789      0.211      1.000
     4.750      3.667      3.500      3.500      0.001      0.999      2.000
     5.500      2.667      3.000      2.000      0.997      0.003      1.000
     4.500      1.000      1.500      1.250      1.000      0.000      1.000
     7.000      3.667      3.500      2.750      0.040      0.960      2.000
     5.500      3.667      4.000      4.250      0.000      1.000      2.000
     6.750      4.333      4.750      4.750      0.000      1.000      2.000
     7.000      3.667      3.750      4.000      0.000      1.000      2.000
     5.500      4.333      4.000      4.250      0.000      1.000      2.000
     5.500      3.667      3.250      2.750      0.126      0.874      2.000
     6.000      3.667      4.250      4.250      0.000      1.000      2.000
     6.000      3.667      1.500      1.500      1.000      0.000      1.000
     6.000      2.000      2.000      2.000      1.000      0.000      1.000
     7.000      3.667      3.250      3.750      0.001      0.999      2.000
     7.000      3.000      3.250      3.000      0.209      0.791      2.000
     5.250      1.667      2.000      1.250      1.000      0.000      1.000
     5.500      3.000      4.000      4.000      0.000      1.000      2.000
     5.500      3.333      3.750      3.000      0.013      0.987      2.000
     4.000      1.667      3.750      3.500      0.160      0.840      2.000
     6.000      2.333      2.750      1.750      1.000      0.000      1.000
     3.250      2.000      4.000      2.750      0.489      0.511      2.000
     4.750      3.667      4.000      4.000      0.000      1.000      2.000
     6.000      3.000      3.250      3.000      0.227      0.773      2.000
     6.000      4.000      4.000      4.000      0.000      1.000      2.000
     2.750      3.000      4.000      3.750      0.000      1.000      2.000
     7.000      5.000      4.000      4.000      0.000      1.000      2.000
     5.500      3.333      3.500      3.750      0.001      0.999      2.000
     6.250      4.000      3.750      3.500      0.000      1.000      2.000
     6.000      4.000      2.750      2.750      0.309      0.691      2.000
     5.250      2.333      4.250      3.250      0.009      0.991      2.000
     5.000      3.000      4.000      3.250      0.004      0.996      2.000
     6.000      4.667      4.750      4.250      0.000      1.000      2.000
     7.000      4.000      4.250      4.000      0.000      1.000      2.000
     4.500      3.333      3.500      3.000      0.041      0.959      2.000
     3.750      3.000      4.500      3.500      0.000      1.000      2.000
     5.250      2.333      2.250      2.250      1.000      0.000      1.000
     6.500      3.667      4.500      4.750      0.000      1.000      2.000
     5.750      2.667      3.250      2.000      0.990      0.010      1.000
     7.000      3.333      3.750      2.500      0.111      0.889      2.000
     5.000      3.333      4.000      3.750      0.000      1.000      2.000
     6.000      4.333      5.000      5.000      0.000      1.000      2.000
     4.000      3.000      2.750      2.000      0.997      0.003      1.000
     5.500      3.667      3.250      3.000      0.041      0.959      2.000
     6.000      4.000      4.750      5.000      0.000      1.000      2.000
     4.250      1.333      1.750      1.000      1.000      0.000      1.000
     6.000      4.000      4.000      4.000      0.000      1.000      2.000
     4.000      4.000      4.000      4.500      0.000      1.000      2.000
     5.000      3.333      2.750      3.500      0.088      0.912      2.000
     6.000      4.000      4.000      4.000      0.000      1.000      2.000
     4.000      3.667      5.000      3.750      0.000      1.000      2.000
     4.250      4.000      4.500      4.000      0.000      1.000      2.000
     6.000      3.667      3.000      3.000      0.108      0.892      2.000
     4.000      2.333      4.750      4.500      0.000      1.000      2.000
     6.000      4.000      3.750      3.750      0.000      1.000      2.000
     4.750      4.000      4.500      4.250      0.000      1.000      2.000
     6.000      4.667      5.000      5.000      0.000      1.000      2.000
     4.000      4.000      4.500      4.250      0.000      1.000      2.000
     4.500      2.667      1.750      2.500      1.000      0.000      1.000
     6.250      3.333      3.000      2.750      0.513      0.487      1.000
     5.750      3.667      3.250      3.250      0.012      0.988      2.000
     5.750      4.000      3.500      3.500      0.000      1.000      2.000
     4.500      3.667      2.750      3.500      0.037      0.963      2.000
     4.750      3.667      3.750      4.000      0.000      1.000      2.000
     5.250      4.000      3.500      3.000      0.006      0.994      2.000
     5.500      3.333      4.000      3.500      0.000      1.000      2.000
     4.500      4.000      4.250      4.250      0.000      1.000      2.000
     5.000      4.000      4.500      4.250      0.000      1.000      2.000
     5.000      3.333      3.500      3.750      0.001      0.999      2.000
     2.000      3.000      4.000      3.250      0.005      0.995      2.000
     6.750      4.333      3.250      4.500      0.000      1.000      2.000
     6.000      3.000      3.250      2.250      0.915      0.085      1.000
     5.500      2.667      3.750      2.000      0.920      0.080      1.000
     7.000      4.333      4.750      4.250      0.000      1.000      2.000
     6.500      4.000      4.500      4.000      0.000      1.000      2.000
     5.500      2.333      1.750      1.500      1.000      0.000      1.000
     5.500      4.000      3.750      4.000      0.000      1.000      2.000
     5.500      2.667      4.000      4.000      0.000      1.000      2.000
     6.000      3.667      4.500      4.000      0.000      1.000      2.000
     7.000      5.000      5.000      5.000      0.000      1.000      2.000
     4.000      2.667      4.250      2.500      0.122      0.878      2.000
     3.750      3.000      3.750      3.250      0.013      0.987      2.000
     5.250      2.333      4.000      2.750      0.225      0.775      2.000
     4.000      2.667      5.000      2.750      0.002      0.998      2.000
     4.250      1.667      1.250      1.500      1.000      0.000      1.000
     4.750      4.000      4.500      4.000      0.000      1.000      2.000
     4.000      3.667      4.500      4.250      0.000      1.000      2.000
     6.000      5.000      4.500      4.500      0.000      1.000      2.000
     5.500      3.667      4.750      3.750      0.000      1.000      2.000
     3.500      2.667      4.250      4.250      0.000      1.000      2.000
     4.750      4.667      3.500      4.000      0.000      1.000      2.000
     4.750      3.667      5.000      4.500      0.000      1.000      2.000
     2.750      3.000      4.000      4.250      0.000      1.000      2.000
     5.750      3.333      4.500      4.000      0.000      1.000      2.000
     4.000      2.667      4.000      2.750      0.110      0.890      2.000
     3.500      2.000      3.000      2.250      0.999      0.001      1.000
     5.000      2.333      2.000      2.500      1.000      0.000      1.000
     3.000      4.000      4.500      4.000      0.000      1.000      2.000
     5.500      4.000      4.000      4.000      0.000      1.000      2.000
     4.750      4.333      3.000      3.000      0.019      0.981      2.000
     5.000      4.667      5.000      4.750      0.000      1.000      2.000
     6.000      4.000      4.000      4.000      0.000      1.000      2.000
     4.000      2.333      4.000      3.000      0.090      0.910      2.000
     4.000      3.667      4.000      4.000      0.000      1.000      2.000
     6.750      4.333      5.000      5.000      0.000      1.000      2.000
     4.250      3.333      4.750      3.500      0.000      1.000      2.000
     6.000      4.000      4.000      3.500      0.000      1.000      2.000
     6.250      4.333      4.250      4.000      0.000      1.000      2.000
     4.000      3.667      4.750      4.000      0.000      1.000      2.000
     5.250      4.000      5.000      4.750      0.000      1.000      2.000
     6.000      4.667      5.000      4.500      0.000      1.000      2.000
     3.000      3.333      3.750      1.750      0.874      0.126      1.000
     3.250      2.667      3.000      1.750      0.999      0.001      1.000
     4.750      2.667      4.000      3.500      0.003      0.997      2.000
     5.500      4.000      4.500      4.500      0.000      1.000      2.000
     6.250      4.667      4.250      3.750      0.000      1.000      2.000
     3.750      3.000      3.500      3.250      0.036      0.964      2.000
     4.500      3.000      5.000      4.000      0.000      1.000      2.000
     6.000      3.667      3.500      3.750      0.000      1.000      2.000
     6.250      4.667      4.750      4.000      0.000      1.000      2.000
     4.000      3.333      3.750      4.000      0.000      1.000      2.000
     6.250      2.000      2.750      1.500      1.000      0.000      1.000
     3.500      2.333      5.000      2.750      0.004      0.996      2.000
     4.500      3.667      5.000      3.500      0.000      1.000      2.000
     4.000      3.333      3.500      4.000      0.000      1.000      2.000
     2.250      2.667      4.250      4.000      0.000      1.000      2.000
     3.000      3.333      5.000      3.500      0.000      1.000      2.000
     5.750      3.333      4.000      3.250      0.001      0.999      2.000
     4.000      3.667      4.000      4.000      0.000      1.000      2.000
     5.000      4.000      3.500      3.500      0.001      0.999      2.000
     5.250      4.333      5.000      4.750      0.000      1.000      2.000
     5.000      3.333      3.500      4.000      0.000      1.000      2.000
     5.250      3.667      4.500      4.000      0.000      1.000      2.000
     5.250      4.333      5.000      3.750      0.000      1.000      2.000
     4.000      4.000      5.000      4.500      0.000      1.000      2.000
     7.000      2.667      3.500      3.250      0.067      0.933      2.000
     5.500      3.667      4.000      2.750      0.005      0.995      2.000
     4.000      2.667      4.750      3.750      0.000      1.000      2.000
     5.250      3.667      3.000      3.500      0.012      0.988      2.000
     7.000      3.667      4.250      4.000      0.000      1.000      2.000
     4.000      4.667      5.000      5.000      0.000      1.000      2.000
     4.000      3.667      5.000      4.000      0.000      1.000      2.000
     5.000      4.000      4.000      4.000      0.000      1.000      2.000
     4.000      3.333      5.000      2.500      0.001      0.999      2.000
     2.000      2.333      5.000      4.000      0.000      1.000      2.000
     5.000      3.333      3.500      3.000      0.039      0.961      2.000
     4.750      3.000      3.750      3.000      0.037      0.963      2.000
     4.250      3.000      3.750      3.500      0.004      0.996      2.000
     5.250      3.667      5.000      4.500      0.000      1.000      2.000
     5.250      4.000      3.500      3.500      0.001      0.999      2.000
     5.500      4.000      3.000      3.000      0.046      0.954      2.000
     5.000      3.000      4.500      3.750      0.000      1.000      2.000
     4.500      3.000      3.500      3.250      0.034      0.966      2.000
     3.500      3.333      4.000      3.750      0.000      1.000      2.000
     5.750      4.333      4.500      4.500      0.000      1.000      2.000
     6.250      4.000      4.500      4.500      0.000      1.000      2.000
     5.500      3.000      5.000      3.750      0.000      1.000      2.000
     4.000      3.000      3.750      3.000      0.039      0.961      2.000
     4.250      3.667      5.000      4.000      0.000      1.000      2.000
     5.500      2.667      4.500      3.750      0.000      1.000      2.000
     5.500      3.333      3.250      2.750      0.278      0.722      2.000
     5.000      3.000      4.250      3.750      0.000      1.000      2.000
     6.750      4.000      4.000      4.000      0.000      1.000      2.000
     4.750      4.000      3.750      3.250      0.001      0.999      2.000
     5.000      3.000      3.750      3.250      0.011      0.989      2.000
     5.000      5.000      4.750      3.250      0.000      1.000      2.000
     7.000      4.333      3.500      4.500      0.000      1.000      2.000
     4.500      4.000      4.000      3.500      0.000      1.000      2.000
     6.250      4.333      5.000      4.750      0.000      1.000      2.000
     5.000      3.667      4.750      4.750      0.000      1.000      2.000
     7.000      3.333      3.750      4.000      0.000      1.000      2.000
     5.000      4.000      3.750      3.000      0.002      0.998      2.000
     6.000      3.667      3.750      3.000      0.005      0.995      2.000
     3.250      2.333      3.750      3.750      0.009      0.991      2.000
     4.750      3.667      5.000      4.000      0.000      1.000      2.000
     3.500      2.667      3.750      3.250      0.034      0.966      2.000
     4.500      2.667      4.750      3.500      0.000      1.000      2.000
     6.250      3.000      3.250      2.000      0.972      0.028      1.000
     4.750      4.000      3.750      4.000      0.000      1.000      2.000
     4.500      3.000      3.750      3.250      0.012      0.988      2.000
     6.000      5.000      4.750      4.750      0.000      1.000      2.000
     5.000      4.000      3.750      3.500      0.000      1.000      2.000
     5.000      4.000      4.250      4.000      0.000      1.000      2.000
     5.000      2.000      2.000      2.000      1.000      0.000      1.000
     6.000      2.000      2.500      2.000      1.000      0.000      1.000
     5.000      4.667      5.000      3.500      0.000      1.000      2.000
     3.500      3.333      3.000      3.500      0.037      0.963      2.000
     5.750      4.000      4.750      4.250      0.000      1.000      2.000
     6.500      3.667      4.500      4.000      0.000      1.000      2.000
     5.500      4.000      4.000      3.000      0.001      0.999      2.000
     4.000      2.333      2.750      3.250      0.873      0.127      1.000
     6.250      4.000      3.250      4.000      0.000      1.000      2.000
     5.000      3.667      3.250      3.500      0.004      0.996      2.000
     6.500      3.333      3.500      3.000      0.034      0.966      2.000
     4.250      4.000      4.000      4.500      0.000      1.000      2.000
     4.250      3.000      4.500      4.000      0.000      1.000      2.000
     4.500      2.667      2.750      2.250      0.997      0.003      1.000
     6.750      4.667      3.500      4.500      0.000      1.000      2.000
     4.000      2.333      4.000      3.250      0.029      0.971      2.000
     5.000      4.000      4.000      4.000      0.000      1.000      2.000
     4.250      3.333      3.750      3.500      0.001      0.999      2.000
     5.000      4.667      4.750      4.750      0.000      1.000      2.000
     6.000      2.333      3.500      2.250      0.963      0.037      1.000
     5.250      3.333      4.000      4.000      0.000      1.000      2.000
     5.500      3.333      4.750      4.000      0.000      1.000      2.000
     5.500      4.000      3.750      3.500      0.000      1.000      2.000
     5.750      2.000      4.750      3.750      0.000      1.000      2.000
     6.500      4.000      3.750      4.000      0.000      1.000      2.000
     5.500      3.333      3.500      4.250      0.000      1.000      2.000
     6.750      2.667      3.500      4.000      0.002      0.998      2.000
     7.000      4.333      4.750      4.500      0.000      1.000      2.000
     6.750      4.000      3.500      4.000      0.000      1.000      2.000
     4.000      2.333      5.000      4.000      0.000      1.000      2.000
     4.000      3.667      4.000      4.000      0.000      1.000      2.000
     4.500      4.000      3.750      4.000      0.000      1.000      2.000
     4.750      3.000      3.750      2.500      0.296      0.704      2.000
     6.000      2.667      2.750      2.250      0.996      0.004      1.000
     4.000      2.000      1.250      2.000      1.000      0.000      1.000
     4.750      3.667      4.750      3.750      0.000      1.000      2.000
     6.000      4.000      3.500      3.500      0.000      1.000      2.000
     4.000      3.333      4.000      3.750      0.000      1.000      2.000
     5.250      3.667      3.750      4.000      0.000      1.000      2.000
     5.500      4.000      3.000      3.500      0.004      0.996      2.000
     4.500      3.333      4.000      3.750      0.000      1.000      2.000
     5.500      4.000      4.000      3.250      0.000      1.000      2.000
     3.750      2.667      3.500      4.000      0.003      0.997      2.000
     4.250      4.000      4.750      3.750      0.000      1.000      2.000
     6.250      3.667      3.000      1.250      0.998      0.002      1.000
     5.500      3.667      4.500      4.000      0.000      1.000      2.000
     5.250      4.000      3.500      3.500      0.001      0.999      2.000
     5.500      4.000      3.500      3.500      0.000      1.000      2.000
     5.000      2.333      2.000      2.000      1.000      0.000      1.000
     4.250      4.333      4.250      4.750      0.000      1.000      2.000
     5.000      3.667      4.750      4.000      0.000      1.000      2.000
     5.250      4.000      3.750      2.750      0.006      0.994      2.000
     5.000      4.333      4.000      3.250      0.000      1.000      2.000
     4.000      4.000      4.750      4.250      0.000      1.000      2.000
     5.250      2.667      4.250      2.750      0.035      0.965      2.000
     7.000      2.667      4.750      4.000      0.000      1.000      2.000
     4.750      4.000      4.000      3.250      0.000      1.000      2.000
     4.250      3.333      3.000      3.500      0.034      0.966      2.000
     6.000      4.000      4.000      3.500      0.000      1.000      2.000
     4.750      2.000      4.750      2.000      0.536      0.464      1.000
     4.750      3.000      2.500      2.250      0.997      0.003      1.000
     6.750      4.333      4.500      2.750      0.000      1.000      2.000
     5.250      4.000      4.000      3.000      0.001      0.999      2.000
     4.750      2.333      3.000      2.750      0.959      0.041      1.000
     6.250      2.000      2.000      1.500      1.000      0.000      1.000
     6.750      4.000      3.750      4.000      0.000      1.000      2.000
     5.750      4.333      4.000      4.250      0.000      1.000      2.000
     7.000      4.000      4.000      4.000      0.000      1.000      2.000
     3.500      3.333      4.750      4.500      0.000      1.000      2.000
     5.250      4.000      3.750      4.000      0.000      1.000      2.000
     3.500      3.333      4.500      4.250      0.000      1.000      2.000
     5.000      4.000      5.000      4.500      0.000      1.000      2.000
     3.750      1.667      2.250      1.750      1.000      0.000      1.000
     4.250      2.000      2.000      2.000      1.000      0.000      1.000
     6.250      4.000      4.000      3.250      0.000      1.000      2.000
     5.750      4.000      4.000      3.250      0.000      1.000      2.000
     6.000      3.667      3.250      2.500      0.312      0.688      2.000
     6.250      2.667      4.000      3.500      0.003      0.997      2.000
     7.000      4.333      5.000      5.000      0.000      1.000      2.000
     4.000      2.000      2.000      2.000      1.000      0.000      1.000
     4.500      2.000      2.750      2.500      0.998      0.002      1.000
     7.000      4.333      4.000      2.750      0.001      0.999      2.000
     7.000      5.000      4.000      4.500      0.000      1.000      2.000
     5.500      4.000      3.750      3.250      0.001      0.999      2.000
     5.000      3.000      2.250      1.750      1.000      0.000      1.000
     4.500      4.000      3.500      3.750      0.000      1.000      2.000
     1.750      1.667      3.500      2.000      0.999      0.001      1.000
     5.750      4.667      4.000      3.250      0.000      1.000      2.000
     5.750      3.000      3.250      2.500      0.769      0.231      1.000
     4.750      3.000      4.250      3.750      0.000      1.000      2.000
     6.500      3.667      4.000      4.500      0.000      1.000      2.000
     5.000      3.000      3.250      2.750      0.520      0.480      1.000
     7.000      5.000      5.000      5.000      0.000      1.000      2.000
     5.500      3.333      4.500      4.500      0.000      1.000      2.000
     5.750      3.333      3.000      2.500      0.787      0.213      1.000
     4.000      4.667      5.000      4.750      0.000      1.000      2.000
     7.000      4.000      3.500      3.750      0.000      1.000      2.000
     6.250      2.000      2.500      2.500      0.999      0.001      1.000
     7.000      4.333      4.750      4.750      0.000      1.000      2.000
     4.250      4.000      4.500      4.750      0.000      1.000      2.000
     5.000      2.000      4.250      3.750      0.002      0.998      2.000
     6.000      4.667      4.000      4.250      0.000      1.000      2.000
     6.250      4.000      4.000      4.000      0.000      1.000      2.000
     4.500      2.333      4.000      2.750      0.239      0.761      2.000
     5.500      3.333      4.500      3.750      0.000      1.000      2.000
     5.750      3.667      3.750      3.500      0.000      1.000      2.000
     6.000      4.333      4.500      4.250      0.000      1.000      2.000
     7.000      3.333      4.000      4.000      0.000      1.000      2.000
     5.500      4.000      3.500      3.750      0.000      1.000      2.000
     6.500      4.333      5.000      5.000      0.000      1.000      2.000
     6.250      3.000      2.250      3.000      0.957      0.043      1.000
     4.750      3.667      4.500      4.250      0.000      1.000      2.000
     6.250      4.000      3.750      3.250      0.001      0.999      2.000
     5.750      3.333      3.500      3.250      0.011      0.989      2.000
     5.250      3.667      4.000      3.750      0.000      1.000      2.000
     4.750      3.667      4.500      3.500      0.000      1.000      2.000
     6.000      3.333      3.500      4.250      0.000      1.000      2.000
     7.000      4.000      3.500      3.000      0.005      0.995      2.000
     4.500      2.333      2.500      2.000      1.000      0.000      1.000
     5.750      4.000      3.750      3.750      0.000      1.000      2.000
     5.500      4.000      5.000      5.000      0.000      1.000      2.000
     5.000      2.333      3.000      2.250      0.996      0.004      1.000
     3.750      2.667      3.750      4.000      0.001      0.999      2.000
     6.500      4.000      4.000      4.000      0.000      1.000      2.000
     6.000      3.667      4.000      3.250      0.000      1.000      2.000
     6.000      3.667      4.000      3.750      0.000      1.000      2.000
     4.250      2.333      2.500      2.250      1.000      0.000      1.000
     4.750      3.333      3.750      4.000      0.000      1.000      2.000
     4.000      3.000      2.750      2.750      0.914      0.086      1.000
     5.750      3.667      2.750      3.000      0.270      0.730      2.000
     7.000      4.667      5.000      4.000      0.000      1.000      2.000
     7.000      5.000      4.750      4.000      0.000      1.000      2.000
     6.250      4.333      3.500      4.500      0.000      1.000      2.000
     5.750      1.667      2.000      2.000      1.000      0.000      1.000
     6.000      4.000      4.750      4.250      0.000      1.000      2.000
     7.000      5.000      4.250      3.500      0.000      1.000      2.000
     6.750      4.333      4.500      4.500      0.000      1.000      2.000
     5.500      1.667      4.000      3.000      0.378      0.622      2.000
     4.750      3.333      4.000      2.750      0.016      0.984      2.000
     6.000      1.333      1.250      1.000      1.000      0.000      1.000
     6.500      4.000      4.250      4.000      0.000      1.000      2.000
     5.500      3.333      3.750      4.000      0.000      1.000      2.000
     6.000      2.333      4.000      2.750      0.211      0.789      2.000
     5.500      4.000      3.750      3.750      0.000      1.000      2.000
     6.000      3.667      3.750      4.000      0.000      1.000      2.000
     6.000      4.000      5.000      4.750      0.000      1.000      2.000
     3.000      3.333      4.750      3.500      0.000      1.000      2.000
     4.500      3.000      2.500      2.250      0.997      0.003      1.000
     5.250      4.667      3.500      4.500      0.000      1.000      2.000
     5.000      3.667      4.000      3.750      0.000      1.000      2.000
     5.750      3.667      4.750      4.500      0.000      1.000      2.000
     4.250      2.333      3.750      3.500      0.025      0.975      2.000
     5.250      2.333      4.000      4.000      0.001      0.999      2.000
     4.750      2.333      5.000      2.250      0.042      0.958      2.000
     5.250      2.000      2.250      2.000      1.000      0.000      1.000
     5.250      3.667      3.750      3.250      0.002      0.998      2.000
     4.000      4.333      4.500      4.000      0.000      1.000      2.000
     6.250      3.667      4.250      3.250      0.000      1.000      2.000
     4.000      2.000      2.750      1.500      1.000      0.000      1.000
     4.250      3.000      3.750      3.500      0.004      0.996      2.000
     5.250      4.000      4.000      4.000      0.000      1.000      2.000
     4.000      2.667      3.500      3.250      0.089      0.911      2.000
     4.000      1.667      2.750      1.750      1.000      0.000      1.000
     6.250      3.667      5.000      4.250      0.000      1.000      2.000
     6.750      2.333      3.000      2.000      0.999      0.001      1.000
     6.000      4.333      3.250      3.750      0.000      1.000      2.000
     5.500      3.000      4.000      3.750      0.000      1.000      2.000
     5.750      3.667      4.250      3.750      0.000      1.000      2.000
     5.750      1.333      1.750      1.000      1.000      0.000      1.000
     5.250      3.333      2.750      3.250      0.239      0.761      2.000
     4.750      1.667      4.500      3.750      0.002      0.998      2.000
     5.000      3.333      2.500      3.500      0.223      0.777      2.000
     7.000      5.000      4.750      5.000      0.000      1.000      2.000
     5.500      3.667      4.000      4.000      0.000      1.000      2.000
     5.500      2.667      4.000      3.750      0.001      0.999      2.000
     7.000      3.667      4.000      3.250      0.000      1.000      2.000
     6.000      3.000      2.500      2.500      0.988      0.012      1.000
     6.750      3.000      2.000      1.750      1.000      0.000      1.000
     4.500      3.000      4.000      3.500      0.001      0.999      2.000
     2.750      2.667      2.500      2.000      1.000      0.000      1.000
     5.500      2.333      3.500      3.250      0.184      0.816      2.000
     4.000      1.667      3.750      3.250      0.388      0.612      2.000
     5.750      3.667      4.000      4.000      0.000      1.000      2.000
     7.000      3.000      4.000      3.500      0.001      0.999      2.000
     6.000      3.667      3.750      3.000      0.005      0.995      2.000
     3.750      3.667      3.500      4.250      0.000      1.000      2.000
     4.250      2.667      4.000      4.250      0.000      1.000      2.000
     4.500      3.667      4.250      4.000      0.000      1.000      2.000
     5.250      3.000      3.250      3.500      0.028      0.972      2.000
     3.750      5.000      3.000      3.750      0.000      1.000      2.000
     5.000      3.000      4.000      4.250      0.000      1.000      2.000
     6.750      3.333      4.000      3.750      0.000      1.000      2.000
     6.250      3.667      4.250      3.750      0.000      1.000      2.000
     3.000      1.667      2.250      1.750      1.000      0.000      1.000
     6.000      3.667      4.000      3.750      0.000      1.000      2.000
     5.750      4.333      3.500      3.750      0.000      1.000      2.000
     4.000      4.000      4.000      4.000      0.000      1.000      2.000
     4.750      3.667      3.750      3.750      0.000      1.000      2.000
     4.000      3.333      4.250      2.750      0.006      0.994      2.000
     5.250      4.000      4.000      3.500      0.000      1.000      2.000
     5.750      3.333      3.750      3.250      0.004      0.996      2.000
     4.000      5.000      4.500      5.000      0.000      1.000      2.000
     7.000      3.000      3.000      3.750      0.021      0.979      2.000
     4.500      3.000      4.750      4.250      0.000      1.000      2.000
     6.750      4.333      4.250      4.750      0.000      1.000      2.000
     3.250      2.000      3.500      4.000      0.020      0.980      2.000
     5.500      3.333      4.000      3.500      0.000      1.000      2.000
     5.000      3.333      3.750      3.500      0.001      0.999      2.000
     6.000      3.000      2.250      2.250      0.999      0.001      1.000
     5.250      4.667      4.250      4.250      0.000      1.000      2.000
     3.000      4.000      4.000      4.000      0.000      1.000      2.000
     6.500      4.000      4.000      4.000      0.000      1.000      2.000
     5.750      4.333      4.500      4.250      0.000      1.000      2.000
     5.500      4.000      4.500      3.500      0.000      1.000      2.000
     4.250      3.000      4.750      3.750      0.000      1.000      2.000
     4.750      3.333      3.500      3.750      0.001      0.999      2.000
     4.750      3.667      3.750      3.250      0.002      0.998      2.000
     6.750      4.667      5.000      4.750      0.000      1.000      2.000
     5.000      3.667      5.000      4.250      0.000      1.000      2.000
     5.750      2.667      4.000      3.750      0.001      0.999      2.000
     6.500      5.000      3.750      4.250      0.000      1.000      2.000
     4.750      3.000      3.250      3.750      0.009      0.991      2.000
     5.000      3.333      3.500      3.750      0.001      0.999      2.000
     4.750      3.667      4.750      5.000      0.000      1.000      2.000
     4.000      3.000      4.000      3.000      0.014      0.986      2.000
     4.250      2.667      2.250      3.000      0.987      0.013      1.000
     6.000      3.333      3.000      3.500      0.029      0.971      2.000
     6.000      4.000      3.500      3.500      0.000      1.000      2.000
     6.000      3.333      3.250      3.000      0.099      0.901      2.000
     5.750      3.667      3.750      4.000      0.000      1.000      2.000
     5.000      3.667      4.250      4.000      0.000      1.000      2.000
     7.000      3.000      5.000      3.750      0.000      1.000      2.000
     4.500      3.667      3.500      3.000      0.016      0.984      2.000
     6.750      2.667      2.750      2.000      0.999      0.001      1.000
     6.500      4.000      4.000      4.500      0.000      1.000      2.000
     6.250      4.333      3.750      4.250      0.000      1.000      2.000
     5.500      2.667      3.750      3.250      0.028      0.972      2.000
     6.000      4.333      4.000      3.500      0.000      1.000      2.000
     6.750      3.333      4.250      4.250      0.000      1.000      2.000
     5.250      3.000      3.250      3.000      0.241      0.759      2.000
     4.750      3.333      4.500      3.250      0.000      1.000      2.000
     5.500      3.667      3.500      3.500      0.001      0.999      2.000
     7.000      3.333      2.000      2.000      1.000      0.000      1.000
     4.500      3.000      4.000      3.750      0.000      1.000      2.000
     6.000      4.333      4.250      3.750      0.000      1.000      2.000
     7.000      3.333      2.500      2.500      0.966      0.034      1.000
     5.750      3.000      3.750      3.500      0.003      0.997      2.000
     6.000      3.000      4.000      3.750      0.000      1.000      2.000
     5.000      4.000      4.000      3.250      0.000      1.000      2.000
     5.250      3.667      3.500      4.000      0.000      1.000      2.000
     5.500      4.000      4.250      3.750      0.000      1.000      2.000
     5.000      3.667      3.750      3.250      0.002      0.998      2.000
     6.000      3.333      3.250      2.500      0.548      0.452      1.000
     3.250      2.000      1.750      2.250      1.000      0.000      1.000
     6.500      5.000      5.000      5.000      0.000      1.000      2.000
     4.250      4.000      4.000      3.500      0.000      1.000      2.000
     5.750      2.333      2.750      2.250      0.999      0.001      1.000
     6.000      3.333      3.750      2.500      0.121      0.879      2.000
     4.750      2.667      3.500      2.750      0.501      0.499      1.000
     5.000      4.333      4.000      4.000      0.000      1.000      2.000
     4.750      4.333      4.500      3.750      0.000      1.000      2.000
     4.500      3.333      4.000      4.000      0.000      1.000      2.000
     6.000      4.000      3.500      4.000      0.000      1.000      2.000
     4.000      3.333      4.000      3.000      0.005      0.995      2.000
     6.750      4.667      4.000      4.750      0.000      1.000      2.000
     5.000      2.667      2.750      3.000      0.885      0.115      1.000
     6.000      4.333      4.000      4.250      0.000      1.000      2.000
     4.500      3.667      3.750      2.750      0.018      0.982      2.000
     4.750      3.333      4.750      4.250      0.000      1.000      2.000
     4.000      2.667      4.000      4.000      0.000      1.000      2.000
     6.750      4.000      3.500      4.000      0.000      1.000      2.000
     7.000      5.000      4.500      4.750      0.000      1.000      2.000
     7.000      4.667      4.750      5.000      0.000      1.000      2.000
     6.750      3.667      3.250      3.000      0.037      0.963      2.000
     6.000      4.000      3.500      4.000      0.000      1.000      2.000
     4.000      3.333      5.000      4.750      0.000      1.000      2.000
     5.500      3.667      4.000      4.000      0.000      1.000      2.000
     5.500      4.000      3.750      3.750      0.000      1.000      2.000
     5.000      4.000      4.000      4.000      0.000      1.000      2.000
     4.750      4.667      4.250      3.750      0.000      1.000      2.000
