     1.000      6.500      2.000      2.250      2.000      0.184      0.816      0.000      0.000      0.000      0.000      2.000
     2.000      6.250      3.000      3.750      3.000      0.000      0.004      0.018      0.960      0.000      0.018      4.000
     3.000      5.750      3.667      3.500      3.750      0.000      0.000      0.003      0.417      0.000      0.580      6.000
     4.000      5.500      2.667      3.000      2.500      0.000      0.871      0.001      0.128      0.000      0.000      2.000
     5.000      5.500      4.000      3.500      3.750      0.000      0.000      0.001      0.263      0.001      0.736      6.000
     6.000      6.500      3.667      3.250      3.500      0.000      0.000      0.000      0.878      0.000      0.122      4.000
     7.000      5.250      1.000      1.750      1.000      1.000      0.000      0.000      0.000      0.000      0.000      1.000
     8.000      7.000      3.333      4.000      2.750      0.000      0.001      0.002      0.981      0.000      0.016      4.000
     9.000      6.500      2.333      2.500      2.000      0.019      0.980      0.000      0.000      0.000      0.000      2.000
    10.000      7.000      3.000      3.000      3.500      0.000      0.003      0.001      0.980      0.000      0.016      4.000
    11.000      6.000      2.333      3.750      2.500      0.000      0.608      0.046      0.346      0.000      0.000      2.000
    12.000      4.750      2.667      2.000      2.000      0.112      0.888      0.000      0.000      0.000      0.000      2.000
    13.000      6.750      2.667      3.750      2.750      0.000      0.066      0.016      0.916      0.000      0.002      4.000
    14.000      6.250      3.667      4.000      3.000      0.000      0.000      0.003      0.875      0.000      0.123      4.000
    15.000      5.250      4.000      4.250      5.000      0.000      0.000      0.000      0.000      0.791      0.209      5.000
    16.000      6.500      5.000      4.000      4.500      0.000      0.000      0.000      0.000      0.931      0.069      5.000
    17.000      6.250      1.333      2.250      1.750      0.925      0.075      0.000      0.000      0.000      0.000      1.000
    18.000      7.000      4.000      3.250      3.500      0.000      0.000      0.000      0.820      0.000      0.180      4.000
    19.000      5.750      1.667      2.250      1.500      0.909      0.091      0.000      0.000      0.000      0.000      1.000
    20.000      6.250      2.667      4.000      1.500      0.000      0.976      0.000      0.024      0.000      0.000      2.000
    21.000      5.000      4.000      3.000      3.000      0.000      0.001      0.000      0.981      0.000      0.017      4.000
    22.000      6.000      4.000      3.750      2.750      0.000      0.000      0.000      0.963      0.000      0.036      4.000
    23.000      5.500      2.667      2.750      1.250      0.049      0.951      0.000      0.000      0.000      0.000      2.000
    24.000      4.750      2.333      3.000      1.750      0.027      0.972      0.000      0.000      0.000      0.000      2.000
    25.000      5.500      4.000      3.500      4.000      0.000      0.000      0.000      0.086      0.003      0.911      6.000
    26.000      6.750      4.333      4.250      4.500      0.000      0.000      0.000      0.000      0.782      0.218      5.000
    27.000      5.750      4.000      3.250      3.250      0.000      0.000      0.000      0.905      0.000      0.095      4.000
    28.000      6.250      3.667      3.500      2.000      0.000      0.130      0.000      0.870      0.000      0.000      4.000
    29.000      5.250      3.000      2.750      3.000      0.000      0.194      0.003      0.803      0.000      0.001      4.000
    30.000      5.750      2.333      2.000      2.000      0.196      0.804      0.000      0.000      0.000      0.000      2.000
    31.000      6.750      3.000      3.500      3.250      0.000      0.002      0.006      0.965      0.000      0.026      4.000
    32.000      5.750      2.667      4.000      2.500      0.000      0.130      0.109      0.759      0.000      0.002      4.000
    33.000      6.000      4.333      3.750      3.000      0.000      0.000      0.000      0.800      0.000      0.200      4.000
    34.000      6.000      2.667      4.000      3.750      0.000      0.000      0.443      0.255      0.000      0.302      3.000
    35.000      6.000      3.667      4.000      3.500      0.000      0.000      0.006      0.327      0.000      0.667      6.000
    36.000      7.000      3.667      4.000      3.750      0.000      0.000      0.001      0.169      0.004      0.826      6.000
    37.000      4.500      1.333      2.250      2.000      0.955      0.045      0.000      0.000      0.000      0.000      1.000
    38.000      6.000      4.000      3.250      3.250      0.000      0.000      0.000      0.909      0.000      0.091      4.000
    39.000      4.000      3.000      3.250      3.000      0.000      0.050      0.131      0.811      0.000      0.008      4.000
    40.000      5.500      4.000      4.000      3.750      0.000      0.000      0.001      0.059      0.005      0.935      6.000
    41.000      7.000      5.000      5.000      5.000      0.000      0.000      0.000      0.000      1.000      0.000      5.000
    42.000      5.250      4.000      4.000      3.250      0.000      0.000      0.004      0.405      0.000      0.591      6.000
    43.000      7.000      3.000      2.750      2.750      0.000      0.353      0.000      0.646      0.000      0.000      4.000
    44.000      5.750      3.000      3.500      3.500      0.000      0.001      0.056      0.823      0.000      0.120      4.000
    45.000      5.250      2.667      2.250      3.000      0.001      0.872      0.000      0.126      0.000      0.000      2.000
    46.000      7.000      2.333      2.500      2.250      0.005      0.992      0.000      0.002      0.000      0.000      2.000
    47.000      6.000      4.000      3.750      3.750      0.000      0.000      0.001      0.139      0.003      0.857      6.000
    48.000      7.000      3.000      3.500      2.250      0.000      0.379      0.000      0.620      0.000      0.000      4.000
    49.000      5.000      1.667      1.500      1.500      0.997      0.003      0.000      0.000      0.000      0.000      1.000
    50.000      7.000      2.000      3.750      2.500      0.000      0.843      0.016      0.141      0.000      0.000      2.000
    51.000      7.000      4.333      4.750      4.250      0.000      0.000      0.000      0.000      0.861      0.139      5.000
    52.000      7.000      3.000      3.500      3.000      0.000      0.009      0.003      0.981      0.000      0.008      4.000
    53.000      5.500      4.333      3.750      3.750      0.000      0.000      0.000      0.067      0.007      0.926      6.000
    54.000      6.500      2.333      3.000      2.000      0.003      0.995      0.000      0.003      0.000      0.000      2.000
    55.000      5.500      3.667      3.750      3.500      0.000      0.000      0.008      0.447      0.000      0.545      6.000
    56.000      6.500      2.333      2.250      1.750      0.107      0.893      0.000      0.000      0.000      0.000      2.000
    57.000      6.000      4.000      4.000      4.000      0.000      0.000      0.000      0.019      0.024      0.957      6.000
    58.000      5.500      4.000      3.750      3.250      0.000      0.000      0.002      0.607      0.000      0.391      4.000
    59.000      5.500      4.333      3.750      3.500      0.000      0.000      0.000      0.196      0.002      0.802      6.000
    60.000      6.250      3.667      3.250      3.750      0.000      0.000      0.001      0.598      0.000      0.401      4.000
    61.000      2.000      1.667      2.500      1.500      0.987      0.013      0.000      0.000      0.000      0.000      1.000
    62.000      6.250      3.000      3.000      3.000      0.000      0.066      0.002      0.930      0.000      0.002      4.000
    63.000      7.000      4.000      4.000      4.000      0.000      0.000      0.000      0.027      0.051      0.923      6.000
    64.000      6.000      3.667      3.250      3.000      0.000      0.001      0.000      0.981      0.000      0.018      4.000
    65.000      5.000      2.667      2.500      2.250      0.006      0.989      0.000      0.005      0.000      0.000      2.000
    66.000      5.250      3.333      2.500      2.250      0.000      0.902      0.000      0.098      0.000      0.000      2.000
    67.000      5.750      3.667      4.000      4.000      0.000      0.000      0.003      0.031      0.006      0.960      6.000
    68.000      4.000      1.667      1.500      1.000      1.000      0.000      0.000      0.000      0.000      0.000      1.000
    69.000      7.000      5.000      5.000      5.000      0.000      0.000      0.000      0.000      1.000      0.000      5.000
    70.000      7.000      4.333      3.750      3.750      0.000      0.000      0.000      0.103      0.021      0.876      6.000
    71.000      5.250      4.000      3.250      3.250      0.000      0.000      0.001      0.866      0.000      0.133      4.000
    72.000      5.250      3.667      4.000      4.500      0.000      0.000      0.002      0.002      0.044      0.952      6.000
    73.000      6.000      3.667      3.250      2.500      0.000      0.024      0.000      0.974      0.000      0.001      4.000
    74.000      6.000      3.000      4.000      4.250      0.000      0.000      0.052      0.030      0.002      0.916      6.000
    75.000      6.250      3.000      3.250      2.750      0.000      0.106      0.002      0.890      0.000      0.001      4.000
    76.000      5.250      4.000      3.750      3.000      0.000      0.000      0.002      0.818      0.000      0.180      4.000
    77.000      5.750      2.000      2.000      2.000      0.510      0.490      0.000      0.000      0.000      0.000      1.000
    78.000      6.500      3.333      4.000      3.500      0.000      0.000      0.016      0.462      0.000      0.521      6.000
    79.000      5.250      3.667      3.250      2.750      0.000      0.008      0.001      0.984      0.000      0.007      4.000
    80.000      4.750      1.667      1.750      1.500      0.993      0.007      0.000      0.000      0.000      0.000      1.000
    81.000      7.000      5.000      4.000      4.000      0.000      0.000      0.000      0.002      0.629      0.370      5.000
    82.000      6.250      4.667      4.250      3.500      0.000      0.000      0.000      0.030      0.054      0.916      6.000
    83.000      6.750      4.667      4.250      4.250      0.000      0.000      0.000      0.000      0.762      0.238      5.000
    84.000      5.500      3.333      3.000      3.250      0.000      0.005      0.003      0.972      0.000      0.020      4.000
    85.000      7.000      2.667      2.750      2.500      0.000      0.915      0.000      0.085      0.000      0.000      2.000
    86.000      5.500      3.667      4.000      4.000      0.000      0.000      0.004      0.026      0.005      0.965      6.000
    87.000      5.500      3.000      3.000      3.000      0.000      0.085      0.006      0.906      0.000      0.003      4.000
    88.000      6.000      3.000      2.750      2.500      0.000      0.767      0.000      0.233      0.000      0.000      2.000
    89.000      4.500      2.333      3.000      3.250      0.000      0.264      0.352      0.381      0.000      0.002      4.000
    90.000      6.250      3.333      3.750      3.000      0.000      0.001      0.007      0.946      0.000      0.046      4.000
    91.000      4.750      2.667      2.750      2.500      0.001      0.958      0.000      0.041      0.000      0.000      2.000
    92.000      5.500      4.000      4.750      3.750      0.000      0.000      0.002      0.004      0.048      0.946      6.000
    93.000      6.250      3.667      2.500      2.250      0.000      0.590      0.000      0.410      0.000      0.000      2.000
    94.000      5.000      3.000      3.000      3.000      0.000      0.099      0.014      0.883      0.000      0.004      4.000
    95.000      6.750      3.000      3.000      3.000      0.000      0.058      0.001      0.939      0.000      0.002      4.000
    96.000      5.750      3.667      3.750      3.750      0.000      0.000      0.005      0.177      0.001      0.818      6.000
    97.000      5.500      2.333      2.500      2.000      0.041      0.959      0.000      0.000      0.000      0.000      2.000
    98.000      7.000      4.000      4.000      3.000      0.000      0.000      0.000      0.783      0.000      0.217      4.000
    99.000      6.000      3.667      3.750      3.500      0.000      0.000      0.004      0.447      0.000      0.548      6.000
   100.000      5.250      2.000      3.000      2.000      0.032      0.967      0.000      0.000      0.000      0.000      2.000
   101.000      6.000      4.000      4.000      3.500      0.000      0.000      0.001      0.168      0.002      0.830      6.000
   102.000      5.750      4.000      3.250      3.500      0.000      0.000      0.000      0.663      0.000      0.337      4.000
   103.000      5.500      2.000      2.500      2.250      0.073      0.927      0.000      0.000      0.000      0.000      2.000
   104.000      7.000      5.000      4.750      5.000      0.000      0.000      0.000      0.000      1.000      0.000      5.000
   105.000      6.750      4.667      4.250      3.500      0.000      0.000      0.000      0.032      0.076      0.891      6.000
   106.000      4.500      4.000      4.250      3.750      0.000      0.000      0.005      0.014      0.005      0.976      6.000
   107.000      7.000      2.000      3.000      1.500      0.044      0.956      0.000      0.000      0.000      0.000      2.000
   108.000      6.000      3.667      3.500      2.250      0.000      0.041      0.000      0.958      0.000      0.001      4.000
   109.000      6.750      4.333      4.000      2.500      0.000      0.000      0.000      0.954      0.000      0.046      4.000
   110.000      4.500      2.000      2.000      1.500      0.940      0.060      0.000      0.000      0.000      0.000      1.000
   111.000      7.000      2.333      2.500      1.750      0.029      0.971      0.000      0.000      0.000      0.000      2.000
   112.000      4.500      2.000      3.000      2.000      0.057      0.943      0.000      0.000      0.000      0.000      2.000
   113.000      6.000      3.333      2.750      2.250      0.000      0.749      0.000      0.251      0.000      0.000      2.000
   114.000      7.000      5.000      4.750      4.750      0.000      0.000      0.000      0.000      0.998      0.002      5.000
   115.000      6.000      4.000      3.500      3.000      0.000      0.000      0.000      0.918      0.000      0.082      4.000
   116.000      7.000      3.000      3.000      2.250      0.000      0.798      0.000      0.201      0.000      0.000      2.000
   117.000      5.500      4.000      3.500      4.000      0.000      0.000      0.000      0.059      0.003      0.938      6.000
   118.000      5.250      2.333      2.250      2.000      0.119      0.881      0.000      0.000      0.000      0.000      2.000
   119.000      7.000      1.667      1.500      1.500      0.984      0.016      0.000      0.000      0.000      0.000      1.000
   120.000      6.250      3.667      4.250      3.750      0.000      0.000      0.003      0.046      0.006      0.945      6.000
   121.000      5.750      3.000      3.500      2.250      0.000      0.499      0.003      0.498      0.000      0.000      2.000
   122.000      4.750      3.667      3.500      3.500      0.000      0.000      0.018      0.495      0.000      0.487      4.000
   123.000      5.500      2.667      3.000      2.000      0.001      0.991      0.000      0.008      0.000      0.000      2.000
   124.000      4.500      1.000      1.500      1.250      1.000      0.000      0.000      0.000      0.000      0.000      1.000
   125.000      7.000      3.667      3.500      2.750      0.000      0.002      0.000      0.988      0.000      0.010      4.000
   126.000      5.500      3.667      4.000      4.250      0.000      0.000      0.002      0.006      0.016      0.976      6.000
   127.000      6.750      4.333      4.750      4.750      0.000      0.000      0.000      0.000      0.981      0.019      5.000
   128.000      7.000      3.667      3.750      4.000      0.000      0.000      0.001      0.079      0.007      0.914      6.000
   129.000      5.500      4.333      4.000      4.250      0.000      0.000      0.000      0.002      0.138      0.860      6.000
   130.000      5.500      3.667      3.250      2.750      0.000      0.007      0.001      0.984      0.000      0.008      4.000
   131.000      6.000      3.667      4.250      4.250      0.000      0.000      0.001      0.003      0.050      0.946      6.000
   132.000      6.000      3.667      1.500      1.500      0.020      0.980      0.000      0.000      0.000      0.000      2.000
   133.000      6.000      2.000      2.000      2.000      0.454      0.546      0.000      0.000      0.000      0.000      2.000
   134.000      7.000      3.667      3.250      3.750      0.000      0.000      0.000      0.588      0.000      0.412      4.000
   135.000      7.000      3.000      3.250      3.000      0.000      0.023      0.002      0.971      0.000      0.005      4.000
   136.000      5.250      1.667      2.000      1.250      0.989      0.011      0.000      0.000      0.000      0.000      1.000
   137.000      5.500      3.000      4.000      4.000      0.000      0.000      0.167      0.055      0.000      0.777      6.000
   138.000      5.500      3.333      3.750      3.000      0.000      0.001      0.029      0.898      0.000      0.072      4.000
   139.000      4.000      1.667      3.750      3.500      0.000      0.000      0.999      0.001      0.000      0.000      3.000
   140.000      6.000      2.333      2.750      1.750      0.025      0.975      0.000      0.000      0.000      0.000      2.000
   141.000      3.250      2.000      4.000      2.750      0.000      0.006      0.992      0.002      0.000      0.000      3.000
   142.000      4.750      3.667      4.000      4.000      0.000      0.000      0.012      0.015      0.003      0.970      6.000
   143.000      6.000      3.000      3.250      3.000      0.000      0.032      0.009      0.952      0.000      0.007      4.000
   144.000      6.000      4.000      4.000      4.000      0.000      0.000      0.000      0.013      0.022      0.965      6.000
   145.000      2.750      3.000      4.000      3.750      0.000      0.000      0.934      0.005      0.000      0.061      3.000
   146.000      7.000      5.000      4.000      4.000      0.000      0.000      0.000      0.001      0.611      0.387      5.000
   147.000      5.500      3.333      3.500      3.750      0.000      0.000      0.029      0.375      0.000      0.596      6.000
   148.000      6.250      4.000      3.750      3.500      0.000      0.000      0.001      0.284      0.001      0.714      6.000
   149.000      6.000      4.000      2.750      2.750      0.000      0.009      0.000      0.989      0.000      0.003      4.000
   150.000      5.250      2.333      4.250      3.250      0.000      0.000      0.960      0.031      0.000      0.008      3.000
   151.000      5.000      3.000      4.000      3.250      0.000      0.000      0.481      0.362      0.000      0.157      3.000
   152.000      6.000      4.667      4.750      4.250      0.000      0.000      0.000      0.000      0.887      0.113      5.000
   153.000      7.000      4.000      4.250      4.000      0.000      0.000      0.000      0.008      0.097      0.895      6.000
   154.000      4.500      3.333      3.500      3.000      0.000      0.004      0.067      0.878      0.000      0.050      4.000
   155.000      3.750      3.000      4.500      3.500      0.000      0.000      0.902      0.008      0.000      0.091      3.000
   156.000      5.250      2.333      2.250      2.250      0.053      0.946      0.000      0.000      0.000      0.000      2.000
   157.000      6.500      3.667      4.500      4.750      0.000      0.000      0.000      0.000      0.647      0.353      5.000
   158.000      5.750      2.667      3.250      2.000      0.000      0.979      0.000      0.020      0.000      0.000      2.000
   159.000      7.000      3.333      3.750      2.500      0.000      0.014      0.001      0.981      0.000      0.004      4.000
   160.000      5.000      3.333      4.000      3.750      0.000      0.000      0.096      0.083      0.000      0.820      6.000
   161.000      6.000      4.333      5.000      5.000      0.000      0.000      0.000      0.000      0.995      0.005      5.000
   162.000      4.000      3.000      2.750      2.000      0.003      0.989      0.000      0.008      0.000      0.000      2.000
   163.000      5.500      3.667      3.250      3.000      0.000      0.002      0.002      0.964      0.000      0.032      4.000
   164.000      6.000      4.000      4.750      5.000      0.000      0.000      0.000      0.000      0.966      0.034      5.000
   165.000      4.250      1.333      1.750      1.000      1.000      0.000      0.000      0.000      0.000      0.000      1.000
   166.000      6.000      4.000      4.000      4.000      0.000      0.000      0.000      0.012      0.021      0.966      6.000
   167.000      4.000      4.000      4.000      4.500      0.000      0.000      0.001      0.000      0.046      0.952      6.000
   168.000      5.000      3.333      2.750      3.500      0.000      0.004      0.007      0.936      0.000      0.053      4.000
   169.000      6.000      4.000      4.000      4.000      0.000      0.000      0.000      0.012      0.021      0.967      6.000
   170.000      4.000      3.667      5.000      3.750      0.000      0.000      0.087      0.001      0.009      0.903      6.000
   171.000      4.250      4.000      4.500      4.000      0.000      0.000      0.004      0.001      0.025      0.970      6.000
   172.000      6.000      3.667      3.000      3.000      0.000      0.004      0.000      0.983      0.000      0.013      4.000
   173.000      4.000      2.333      4.750      4.500      0.000      0.000      0.964      0.000      0.000      0.036      3.000
   174.000      6.000      4.000      3.750      3.750      0.000      0.000      0.001      0.085      0.003      0.912      6.000
   175.000      4.750      4.000      4.500      4.250      0.000      0.000      0.001      0.000      0.113      0.886      6.000
   176.000      6.000      4.667      5.000      5.000      0.000      0.000      0.000      0.000      0.998      0.002      5.000
   177.000      4.000      4.000      4.500      4.250      0.000      0.000      0.003      0.000      0.065      0.932      6.000
   178.000      4.500      2.667      1.750      2.500      0.063      0.936      0.000      0.001      0.000      0.000      2.000
   179.000      6.250      3.333      3.000      2.750      0.000      0.065      0.000      0.933      0.000      0.002      4.000
   180.000      5.750      3.667      3.250      3.250      0.000      0.000      0.002      0.896      0.000      0.102      4.000
   181.000      5.750      4.000      3.500      3.500      0.000      0.000      0.001      0.386      0.000      0.613      6.000
   182.000      4.500      3.667      2.750      3.500      0.000      0.001      0.004      0.879      0.000      0.115      4.000
   183.000      4.750      3.667      3.750      4.000      0.000      0.000      0.011      0.028      0.001      0.960      6.000
   184.000      5.250      4.000      3.500      3.000      0.000      0.000      0.001      0.860      0.000      0.138      4.000
   185.000      5.500      3.333      4.000      3.500      0.000      0.000      0.080      0.253      0.000      0.667      6.000
   186.000      4.500      4.000      4.250      4.250      0.000      0.000      0.001      0.001      0.045      0.953      6.000
   187.000      5.000      4.000      4.500      4.250      0.000      0.000      0.001      0.000      0.133      0.866      6.000
   188.000      5.000      3.333      3.500      3.750      0.000      0.000      0.063      0.284      0.000      0.653      6.000
   189.000      2.000      3.000      4.000      3.250      0.000      0.000      0.990      0.004      0.000      0.006      3.000
   190.000      6.750      4.333      3.250      4.500      0.000      0.000      0.000      0.006      0.112      0.882      6.000
   191.000      6.000      3.000      3.250      2.250      0.000      0.707      0.001      0.292      0.000      0.000      2.000
   192.000      5.500      2.667      3.750      2.000      0.000      0.894      0.006      0.100      0.000      0.000      2.000
   193.000      7.000      4.333      4.750      4.250      0.000      0.000      0.000      0.000      0.841      0.159      5.000
   195.000      6.500      4.000      4.500      4.000      0.000      0.000      0.000      0.002      0.132      0.865      6.000
   196.000      5.500      2.333      1.750      1.500      0.802      0.198      0.000      0.000      0.000      0.000      1.000
   197.000      5.500      4.000      3.750      4.000      0.000      0.000      0.001      0.019      0.006      0.974      6.000
   198.000      5.500      2.667      4.000      4.000      0.000      0.000      0.579      0.037      0.000      0.384      3.000
   199.000      6.000      3.667      4.500      4.000      0.000      0.000      0.003      0.004      0.031      0.962      6.000
   200.000      7.000      5.000      5.000      5.000      0.000      0.000      0.000      0.000      1.000      0.000      5.000
   201.000      4.000      2.667      4.250      2.500      0.000      0.009      0.926      0.063      0.000      0.001      3.000
   202.000      3.750      3.000      3.750      3.250      0.000      0.000      0.801      0.142      0.000      0.056      3.000
   203.000      5.250      2.333      4.000      2.750      0.000      0.042      0.797      0.159      0.000      0.002      3.000
   204.000      4.000      2.667      5.000      2.750      0.000      0.000      0.995      0.003      0.000      0.002      3.000
   205.000      4.250      1.667      1.250      1.500      0.999      0.001      0.000      0.000      0.000      0.000      1.000
   206.000      4.750      4.000      4.500      4.000      0.000      0.000      0.002      0.001      0.036      0.961      6.000
   207.000      4.000      3.667      4.500      4.250      0.000      0.000      0.020      0.001      0.020      0.959      6.000
   208.000      6.000      5.000      4.500      4.500      0.000      0.000      0.000      0.000      0.972      0.028      5.000
   209.000      5.500      3.667      4.750      3.750      0.000      0.000      0.012      0.005      0.014      0.969      6.000
   210.000      3.500      2.667      4.250      4.250      0.000      0.000      0.921      0.000      0.000      0.078      3.000
   211.000      4.750      4.667      3.500      4.000      0.000      0.000      0.000      0.009      0.015      0.975      6.000
   212.000      4.750      3.667      5.000      4.500      0.000      0.000      0.003      0.000      0.381      0.615      6.000
   213.000      2.750      3.000      4.000      4.250      0.000      0.000      0.803      0.001      0.000      0.196      3.000
   214.000      5.750      3.333      4.500      4.000      0.000      0.000      0.027      0.006      0.008      0.959      6.000
   215.000      4.000      2.667      4.000      2.750      0.000      0.007      0.910      0.079      0.000      0.003      3.000
   216.000      3.500      2.000      3.000      2.250      0.052      0.945      0.002      0.001      0.000      0.000      2.000
   217.000      5.000      2.333      2.000      2.500      0.069      0.931      0.000      0.001      0.000      0.000      2.000
   218.000      3.000      4.000      4.500      4.000      0.000      0.000      0.021      0.001      0.009      0.970      6.000
   219.000      5.500      4.000      4.000      4.000      0.000      0.000      0.001      0.008      0.013      0.978      6.000
   220.000      4.750      4.333      3.000      3.000      0.000      0.000      0.000      0.922      0.000      0.078      4.000
   221.000      5.000      4.667      5.000      4.750      0.000      0.000      0.000      0.000      0.987      0.013      5.000
   222.000      6.000      4.000      4.000      4.000      0.000      0.000      0.000      0.010      0.020      0.970      6.000
   223.000      4.000      2.333      4.000      3.000      0.000      0.001      0.986      0.012      0.000      0.001      3.000
   224.000      4.000      3.667      4.000      4.000      0.000      0.000      0.032      0.008      0.001      0.959      6.000
   225.000      6.750      4.333      5.000      5.000      0.000      0.000      0.000      0.000      0.997      0.003      5.000
   226.000      4.250      3.333      4.750      3.500      0.000      0.000      0.455      0.010      0.000      0.535      6.000
   227.000      6.000      4.000      4.000      3.500      0.000      0.000      0.001      0.104      0.002      0.893      6.000
   228.000      6.250      4.333      4.250      4.000      0.000      0.000      0.000      0.002      0.147      0.851      6.000
   229.000      4.000      3.667      4.750      4.000      0.000      0.000      0.043      0.001      0.013      0.944      6.000
   230.000      5.250      4.000      5.000      4.750      0.000      0.000      0.000      0.000      0.905      0.095      5.000
   231.000      6.000      4.667      5.000      4.500      0.000      0.000      0.000      0.000      0.981      0.019      5.000
   232.000      3.000      3.333      3.750      1.750      0.000      0.780      0.034      0.185      0.000      0.000      2.000
   233.000      3.250      2.667      3.000      1.750      0.019      0.980      0.000      0.001      0.000      0.000      2.000
   234.000      4.750      2.667      4.000      3.500      0.000      0.000      0.897      0.044      0.000      0.058      3.000
   235.000      5.500      4.000      4.500      4.500      0.000      0.000      0.000      0.000      0.418      0.582      6.000
   236.000      6.250      4.667      4.250      3.750      0.000      0.000      0.000      0.004      0.140      0.856      6.000
   237.000      3.750      3.000      3.500      3.250      0.000      0.002      0.690      0.255      0.000      0.053      3.000
   238.000      4.500      3.000      5.000      4.000      0.000      0.000      0.553      0.001      0.002      0.445      3.000
   239.000      6.000      3.667      3.500      3.750      0.000      0.000      0.003      0.218      0.000      0.779      6.000
   240.000      6.250      4.667      4.750      4.000      0.000      0.000      0.000      0.000      0.723      0.277      5.000
   241.000      4.000      3.333      3.750      4.000      0.000      0.000      0.166      0.025      0.000      0.809      6.000
   242.000      6.250      2.000      2.750      1.500      0.170      0.830      0.000      0.000      0.000      0.000      2.000
   243.000      3.500      2.333      5.000      2.750      0.000      0.000      1.000      0.000      0.000      0.000      3.000
   244.000      4.500      3.667      5.000      3.500      0.000      0.000      0.090      0.004      0.004      0.903      6.000
   245.000      4.000      3.333      3.500      4.000      0.000      0.000      0.148      0.053      0.000      0.799      6.000
   246.000      2.250      2.667      4.250      4.000      0.000      0.000      0.992      0.000      0.000      0.008      3.000
   247.000      3.000      3.333      5.000      3.500      0.000      0.000      0.829      0.001      0.000      0.171      3.000
   248.000      5.750      3.333      4.000      3.250      0.000      0.000      0.075      0.485      0.000      0.440      4.000
   249.000      4.000      3.667      4.000      4.000      0.000      0.000      0.032      0.007      0.001      0.960      6.000
   250.000      5.000      4.000      3.500      3.500      0.000      0.000      0.003      0.259      0.000      0.738      6.000
   251.000      5.250      4.333      5.000      4.750      0.000      0.000      0.000      0.000      0.967      0.033      5.000
   252.000      5.000      3.333      3.500      4.000      0.000      0.000      0.044      0.082      0.000      0.874      6.000
   253.000      5.250      3.667      4.500      4.000      0.000      0.000      0.008      0.002      0.016      0.974      6.000
   254.000      5.250      4.333      5.000      3.750      0.000      0.000      0.000      0.000      0.195      0.804      6.000
   255.000      4.000      4.000      5.000      4.500      0.000      0.000      0.001      0.000      0.505      0.494      5.000
   256.000      7.000      2.667      3.500      3.250      0.000      0.011      0.043      0.913      0.000      0.033      4.000
   257.000      5.500      3.667      4.000      2.750      0.000      0.000      0.017      0.850      0.000      0.132      4.000
   258.000      4.000      2.667      4.750      3.750      0.000      0.000      0.966      0.000      0.000      0.033      3.000
   259.000      5.250      3.667      3.000      3.500      0.000      0.000      0.004      0.763      0.000      0.233      4.000
   260.000      7.000      3.667      4.250      4.000      0.000      0.000      0.001      0.010      0.029      0.961      6.000
   261.000      4.000      4.667      5.000      5.000      0.000      0.000      0.000      0.000      0.991      0.009      5.000
   262.000      4.000      3.667      5.000      4.000      0.000      0.000      0.047      0.000      0.027      0.926      6.000
   263.000      5.000      4.000      4.000      4.000      0.000      0.000      0.001      0.006      0.009      0.985      6.000
   264.000      4.000      3.333      5.000      2.500      0.000      0.000      0.907      0.045      0.000      0.048      3.000
   265.000      2.000      2.333      5.000      4.000      0.000      0.000      0.999      0.000      0.000      0.001      3.000
   266.000      5.000      3.333      3.500      3.000      0.000      0.004      0.049      0.879      0.000      0.068      4.000
   267.000      4.750      3.000      3.750      3.000      0.000      0.005      0.416      0.525      0.000      0.054      4.000
   268.000      4.250      3.000      3.750      3.500      0.000      0.000      0.701      0.119      0.000      0.180      3.000
   269.000      5.250      3.667      5.000      4.500      0.000      0.000      0.001      0.000      0.463      0.535      6.000
   270.000      5.250      4.000      3.500      3.500      0.000      0.000      0.002      0.260      0.000      0.738      6.000
   271.000      5.500      4.000      3.000      3.000      0.000      0.001      0.000      0.957      0.000      0.042      4.000
   272.000      5.000      3.000      4.500      3.750      0.000      0.000      0.501      0.011      0.000      0.487      3.000
   273.000      4.500      3.000      3.500      3.250      0.000      0.003      0.432      0.477      0.000      0.088      4.000
   274.000      3.500      3.333      4.000      3.750      0.000      0.000      0.454      0.018      0.000      0.528      6.000
   275.000      5.750      4.333      4.500      4.500      0.000      0.000      0.000      0.000      0.726      0.274      5.000
   276.000      6.250      4.000      4.500      4.500      0.000      0.000      0.000      0.000      0.556      0.444      5.000
   277.000      5.500      3.000      5.000      3.750      0.000      0.000      0.396      0.003      0.002      0.599      6.000
   278.000      4.000      3.000      3.750      3.000      0.000      0.003      0.718      0.244      0.000      0.035      3.000
   279.000      4.250      3.667      5.000      4.000      0.000      0.000      0.034      0.000      0.033      0.933      6.000
   280.000      5.500      2.667      4.500      3.750      0.000      0.000      0.779      0.010      0.000      0.211      3.000
   281.000      5.500      3.333      3.250      2.750      0.000      0.038      0.006      0.948      0.000      0.008      4.000
   282.000      5.000      3.000      4.250      3.750      0.000      0.000      0.470      0.025      0.000      0.506      6.000
   283.000      6.750      4.000      4.000      4.000      0.000      0.000      0.000      0.010      0.033      0.957      6.000
   284.000      4.750      4.000      3.750      3.250      0.000      0.000      0.008      0.299      0.000      0.692      6.000
   285.000      5.000      3.000      3.750      3.250      0.000      0.001      0.427      0.422      0.000      0.150      3.000
   286.000      5.000      5.000      4.750      3.250      0.000      0.000      0.000      0.003      0.073      0.924      6.000
   287.000      7.000      4.333      3.500      4.500      0.000      0.000      0.000      0.002      0.233      0.765      6.000
   288.000      4.500      4.000      4.000      3.500      0.000      0.000      0.009      0.048      0.000      0.943      6.000
   289.000      6.250      4.333      5.000      4.750      0.000      0.000      0.000      0.000      0.984      0.016      5.000
   290.000      5.000      3.667      4.750      4.750      0.000      0.000      0.001      0.000      0.510      0.489      5.000
   291.000      7.000      3.333      3.750      4.000      0.000      0.000      0.004      0.071      0.002      0.924      6.000
   292.000      5.000      4.000      3.750      3.000      0.000      0.000      0.007      0.611      0.000      0.383      4.000
   293.000      6.000      3.667      3.750      3.000      0.000      0.000      0.006      0.803      0.000      0.191      4.000
   294.000      3.250      2.333      3.750      3.750      0.000      0.000      0.996      0.001      0.000      0.003      3.000
   295.000      4.750      3.667      5.000      4.000      0.000      0.000      0.018      0.000      0.048      0.934      6.000
   296.000      3.500      2.667      3.750      3.250      0.000      0.000      0.973      0.019      0.000      0.007      3.000
   297.000      4.500      2.667      4.750      3.500      0.000      0.000      0.966      0.002      0.000      0.033      3.000
   298.000      6.250      3.000      3.250      2.000      0.000      0.909      0.000      0.091      0.000      0.000      2.000
   299.000      4.750      4.000      3.750      4.000      0.000      0.000      0.002      0.009      0.003      0.986      6.000
   300.000      4.500      3.000      3.750      3.250      0.000      0.001      0.633      0.252      0.000      0.115      3.000
   301.000      6.000      5.000      4.750      4.750      0.000      0.000      0.000      0.000      0.996      0.004      5.000
   302.000      5.000      4.000      3.750      3.500      0.000      0.000      0.004      0.112      0.000      0.884      6.000
   303.000      5.000      4.000      4.250      4.000      0.000      0.000      0.001      0.002      0.018      0.978      6.000
   304.000      5.000      2.000      2.000      2.000      0.634      0.366      0.000      0.000      0.000      0.000      1.000
   305.000      6.000      2.000      2.500      2.000      0.102      0.898      0.000      0.000      0.000      0.000      2.000
   306.000      5.000      4.667      5.000      3.500      0.000      0.000      0.000      0.001      0.151      0.848      6.000
   307.000      3.500      3.333      3.000      3.500      0.000      0.002      0.241      0.539      0.000      0.218      4.000
   308.000      5.750      4.000      4.750      4.250      0.000      0.000      0.000      0.000      0.349      0.651      6.000
   309.000      6.500      3.667      4.500      4.000      0.000      0.000      0.002      0.003      0.040      0.955      6.000
   310.000      5.500      4.000      4.000      3.000      0.000      0.000      0.005      0.444      0.000      0.550      6.000
   311.000      4.000      2.333      2.750      3.250      0.000      0.416      0.414      0.168      0.000      0.001      2.000
   312.000      6.250      4.000      3.250      4.000      0.000      0.000      0.000      0.072      0.002      0.926      6.000
   313.000      5.000      3.667      3.250      3.500      0.000      0.000      0.012      0.509      0.000      0.479      4.000
   314.000      6.500      3.333      3.500      3.000      0.000      0.003      0.005      0.941      0.000      0.051      4.000
   315.000      4.250      4.000      4.000      4.500      0.000      0.000      0.001      0.000      0.047      0.951      6.000
   316.000      4.250      3.000      4.500      4.000      0.000      0.000      0.587      0.002      0.000      0.411      3.000
   317.000      4.500      2.667      2.750      2.250      0.003      0.989      0.000      0.008      0.000      0.000      2.000
   318.000      6.750      4.667      3.500      4.500      0.000      0.000      0.000      0.001      0.432      0.568      6.000
   319.000      4.000      2.333      4.000      3.250      0.000      0.000      0.994      0.004      0.000      0.002      3.000
   320.000      5.000      4.000      4.000      4.000      0.000      0.000      0.001      0.004      0.008      0.986      6.000
   321.000      4.250      3.333      3.750      3.500      0.000      0.000      0.308      0.155      0.000      0.538      6.000
   322.000      5.000      4.667      4.750      4.750      0.000      0.000      0.000      0.000      0.970      0.030      5.000
   323.000      6.000      2.333      3.500      2.250      0.000      0.954      0.005      0.041      0.000      0.000      2.000
   324.000      5.250      3.333      4.000      4.000      0.000      0.000      0.043      0.015      0.001      0.942      6.000
   325.000      5.500      3.333      4.750      4.000      0.000      0.000      0.042      0.001      0.012      0.944      6.000
   326.000      5.500      4.000      3.750      3.500      0.000      0.000      0.002      0.120      0.000      0.877      6.000
   327.000      5.750      2.000      4.750      3.750      0.000      0.000      0.993      0.000      0.000      0.007      3.000
   328.000      6.500      4.000      3.750      4.000      0.000      0.000      0.000      0.016      0.012      0.972      6.000
   329.000      5.500      3.333      3.500      4.250      0.000      0.000      0.013      0.023      0.001      0.964      6.000
   330.000      6.750      2.667      3.500      4.000      0.000      0.000      0.148      0.255      0.000      0.598      6.000
   331.000      7.000      4.333      4.750      4.500      0.000      0.000      0.000      0.000      0.937      0.063      5.000
   332.000      6.750      4.000      3.500      4.000      0.000      0.000      0.000      0.037      0.006      0.956      6.000
   333.000      4.000      2.333      5.000      4.000      0.000      0.000      0.991      0.000      0.000      0.009      3.000
   334.000      4.000      3.667      4.000      4.000      0.000      0.000      0.033      0.005      0.001      0.961      6.000
   335.000      4.500      4.000      3.750      4.000      0.000      0.000      0.002      0.007      0.002      0.988      6.000
   336.000      4.750      3.000      3.750      2.500      0.000      0.111      0.224      0.657      0.000      0.008      4.000
   338.000      6.000      2.667      2.750      2.250      0.001      0.986      0.000      0.013      0.000      0.000      2.000
   339.000      4.000      2.000      1.250      2.000      0.985      0.015      0.000      0.000      0.000      0.000      1.000
   340.000      4.750      3.667      4.750      3.750      0.000      0.000      0.033      0.002      0.006      0.959      6.000
   341.000      6.000      4.000      3.500      3.500      0.000      0.000      0.001      0.255      0.000      0.744      6.000
   342.000      4.000      3.333      4.000      3.750      0.000      0.000      0.306      0.021      0.000      0.673      6.000
   343.000      5.250      3.667      3.750      4.000      0.000      0.000      0.006      0.017      0.001      0.976      6.000
   344.000      5.500      4.000      3.000      3.500      0.000      0.000      0.001      0.576      0.000      0.423      4.000
   345.000      4.500      3.333      4.000      3.750      0.000      0.000      0.186      0.029      0.000      0.785      6.000
   346.000      5.500      4.000      4.000      3.250      0.000      0.000      0.004      0.165      0.000      0.831      6.000
   347.000      3.750      2.667      3.500      4.000      0.000      0.000      0.917      0.009      0.000      0.073      3.000
   348.000      4.250      4.000      4.750      3.750      0.000      0.000      0.009      0.001      0.014      0.976      6.000
   349.000      6.250      3.667      3.000      1.250      0.000      0.988      0.000      0.012      0.000      0.000      2.000
   350.000      5.500      3.667      4.500      4.000      0.000      0.000      0.006      0.002      0.018      0.975      6.000
   351.000      5.250      4.000      3.500      3.500      0.000      0.000      0.002      0.198      0.000      0.800      6.000
   352.000      5.500      4.000      3.500      3.500      0.000      0.000      0.002      0.212      0.000      0.786      6.000
   353.000      5.000      2.333      2.000      2.000      0.280      0.720      0.000      0.000      0.000      0.000      2.000
   354.000      4.250      4.333      4.250      4.750      0.000      0.000      0.000      0.000      0.524      0.476      5.000
   355.000      5.000      3.667      4.750      4.000      0.000      0.000      0.012      0.001      0.026      0.962      6.000
   356.000      5.250      4.000      3.750      2.750      0.000      0.000      0.004      0.818      0.000      0.178      4.000
   357.000      5.000      4.333      4.000      3.250      0.000      0.000      0.001      0.079      0.001      0.919      6.000
   358.000      4.000      4.000      4.750      4.250      0.000      0.000      0.003      0.000      0.110      0.886      6.000
   359.000      5.250      2.667      4.250      2.750      0.000      0.003      0.856      0.128      0.000      0.013      3.000
   360.000      7.000      2.667      4.750      4.000      0.000      0.000      0.231      0.006      0.003      0.760      6.000
   361.000      4.750      4.000      4.000      3.250      0.000      0.000      0.012      0.121      0.000      0.867      6.000
   362.000      4.250      3.333      3.000      3.500      0.000      0.002      0.105      0.644      0.000      0.249      4.000
   363.000      6.000      4.000      4.000      3.500      0.000      0.000      0.001      0.060      0.001      0.937      6.000
   364.000      4.750      2.000      4.750      2.000      0.000      0.031      0.965      0.004      0.000      0.000      3.000
   365.000      4.750      3.000      2.500      2.250      0.002      0.983      0.000      0.015      0.000      0.000      2.000
   366.000      6.750      4.333      4.500      2.750      0.000      0.000      0.000      0.285      0.001      0.714      6.000
   367.000      5.250      4.000      4.000      3.000      0.000      0.000      0.009      0.361      0.000      0.631      6.000
   368.000      4.750      2.333      3.000      2.750      0.001      0.889      0.045      0.065      0.000      0.000      2.000
   369.000      6.250      2.000      2.000      1.500      0.775      0.225      0.000      0.000      0.000      0.000      1.000
   370.000      6.750      4.000      3.750      4.000      0.000      0.000      0.000      0.015      0.014      0.971      6.000
   371.000      5.750      4.333      4.000      4.250      0.000      0.000      0.000      0.001      0.129      0.870      6.000
   372.000      7.000      4.000      4.000      4.000      0.000      0.000      0.000      0.007      0.037      0.956      6.000
   373.000      3.500      3.333      4.750      4.500      0.000      0.000      0.138      0.000      0.023      0.839      6.000
   374.000      5.250      4.000      3.750      4.000      0.000      0.000      0.001      0.008      0.004      0.987      6.000
   375.000      3.500      3.333      4.500      4.250      0.000      0.000      0.223      0.000      0.003      0.774      6.000
   377.000      5.000      4.000      5.000      4.500      0.000      0.000      0.000      0.000      0.664      0.335      5.000
   378.000      3.750      1.667      2.250      1.750      0.947      0.053      0.000      0.000      0.000      0.000      1.000
   379.000      4.250      2.000      2.000      2.000      0.754      0.246      0.000      0.000      0.000      0.000      1.000
   380.000      6.250      4.000      4.000      3.250      0.000      0.000      0.002      0.184      0.000      0.814      6.000
   381.000      5.750      4.000      4.000      3.250      0.000      0.000      0.003      0.157      0.000      0.840      6.000
   382.000      6.000      3.667      3.250      2.500      0.000      0.031      0.001      0.962      0.000      0.006      4.000
   383.000      6.250      2.667      4.000      3.500      0.000      0.000      0.570      0.176      0.000      0.254      3.000
   384.000      7.000      4.333      5.000      5.000      0.000      0.000      0.000      0.000      0.997      0.003      5.000
   385.000      4.000      2.000      2.000      2.000      0.789      0.211      0.000      0.000      0.000      0.000      1.000
   386.000      4.500      2.000      2.750      2.500      0.025      0.973      0.001      0.001      0.000      0.000      2.000
   387.000      7.000      4.333      4.000      2.750      0.000      0.000      0.000      0.660      0.000      0.340      4.000
   388.000      7.000      5.000      4.000      4.500      0.000      0.000      0.000      0.000      0.929      0.071      5.000
   389.000      5.500      4.000      3.750      3.250      0.000      0.000      0.003      0.265      0.000      0.732      6.000
   390.000      5.000      3.000      2.250      1.750      0.018      0.982      0.000      0.000      0.000      0.000      2.000
   391.000      4.500      4.000      3.500      3.750      0.000      0.000      0.004      0.043      0.000      0.953      6.000
   392.000      1.750      1.667      3.500      2.000      0.208      0.662      0.129      0.000      0.000      0.000      2.000
   393.000      5.750      4.667      4.000      3.250      0.000      0.000      0.000      0.051      0.004      0.945      6.000
   394.000      5.750      3.000      3.250      2.500      0.000      0.431      0.008      0.560      0.000      0.001      4.000
   395.000      4.750      3.000      4.250      3.750      0.000      0.000      0.564      0.011      0.000      0.425      3.000
   396.000      6.500      3.667      4.000      4.500      0.000      0.000      0.000      0.001      0.080      0.919      6.000
   397.000      5.000      3.000      3.250      2.750      0.000      0.182      0.066      0.745      0.000      0.007      4.000
   398.000      7.000      5.000      5.000      5.000      0.000      0.000      0.000      0.000      1.000      0.000      5.000
   399.000      5.500      3.333      4.500      4.500      0.000      0.000      0.010      0.000      0.056      0.934      6.000
   400.000      5.750      3.333      3.000      2.500      0.000      0.292      0.001      0.706      0.000      0.001      4.000
   401.000      4.000      4.667      5.000      4.750      0.000      0.000      0.000      0.000      0.966      0.034      5.000
   402.000      7.000      4.000      3.500      3.750      0.000      0.000      0.000      0.099      0.002      0.899      6.000
   403.000      6.250      2.000      2.500      2.500      0.016      0.983      0.000      0.001      0.000      0.000      2.000
   405.000      7.000      4.333      4.750      4.750      0.000      0.000      0.000      0.000      0.978      0.022      5.000
   406.000      4.250      4.000      4.500      4.750      0.000      0.000      0.000      0.000      0.418      0.581      6.000
   407.000      5.000      2.000      4.250      3.750      0.000      0.000      0.996      0.001      0.000      0.003      3.000
   408.000      6.000      4.667      4.000      4.250      0.000      0.000      0.000      0.000      0.354      0.646      6.000
   409.000      6.250      4.000      4.000      4.000      0.000      0.000      0.000      0.005      0.020      0.975      6.000
   410.000      4.500      2.333      4.000      2.750      0.000      0.009      0.970      0.021      0.000      0.001      3.000
   411.000      5.500      3.333      4.500      3.750      0.000      0.000      0.074      0.008      0.001      0.917      6.000
   412.000      5.750      3.667      3.750      3.500      0.000      0.000      0.010      0.156      0.000      0.834      6.000
   413.000      6.000      4.333      4.500      4.250      0.000      0.000      0.000      0.000      0.455      0.545      6.000
   414.000      7.000      3.333      4.000      4.000      0.000      0.000      0.005      0.020      0.004      0.972      6.000
   415.000      5.500      4.000      3.500      3.750      0.000      0.000      0.001      0.056      0.001      0.943      6.000
   416.000      6.500      4.333      5.000      5.000      0.000      0.000      0.000      0.000      0.995      0.005      5.000
   417.000      6.250      3.000      2.250      3.000      0.000      0.594      0.000      0.405      0.000      0.000      2.000
   418.000      4.750      3.667      4.500      4.250      0.000      0.000      0.008      0.000      0.029      0.962      6.000
   419.000      6.250      4.000      3.750      3.250      0.000      0.000      0.001      0.296      0.000      0.703      6.000
   420.000      5.750      3.333      3.500      3.250      0.000      0.001      0.040      0.687      0.000      0.273      4.000
   421.000      5.250      3.667      4.000      3.750      0.000      0.000      0.013      0.019      0.001      0.968      6.000
   422.000      4.750      3.667      4.500      3.500      0.000      0.000      0.057      0.011      0.001      0.932      6.000
   423.000      6.000      3.333      3.500      4.250      0.000      0.000      0.007      0.018      0.001      0.974      6.000
   424.000      7.000      4.000      3.500      3.000      0.000      0.000      0.000      0.807      0.000      0.192      4.000
   425.000      4.500      2.333      2.500      2.000      0.077      0.923      0.000      0.000      0.000      0.000      2.000
   426.000      5.750      4.000      3.750      3.750      0.000      0.000      0.001      0.027      0.002      0.970      6.000
   427.000      5.500      4.000      5.000      5.000      0.000      0.000      0.000      0.000      0.968      0.032      5.000
   428.000      5.000      2.333      3.000      2.250      0.003      0.991      0.001      0.004      0.000      0.000      2.000
   429.000      3.750      2.667      3.750      4.000      0.000      0.000      0.932      0.003      0.000      0.066      3.000
   430.000      6.500      4.000      4.000      4.000      0.000      0.000      0.000      0.005      0.023      0.972      6.000
   432.000      6.000      3.667      4.000      3.250      0.000      0.000      0.014      0.226      0.000      0.760      6.000
   433.000      6.000      3.667      4.000      3.750      0.000      0.000      0.005      0.024      0.001      0.970      6.000
   434.000      4.250      2.333      2.500      2.250      0.041      0.958      0.000      0.001      0.000      0.000      2.000
   435.000      4.750      3.333      3.750      4.000      0.000      0.000      0.074      0.016      0.000      0.910      6.000
   436.000      4.000      3.000      2.750      2.750      0.000      0.664      0.029      0.305      0.000      0.001      2.000
   437.000      5.750      3.667      2.750      3.000      0.000      0.013      0.001      0.966      0.000      0.020      4.000
   438.000      7.000      4.667      5.000      4.000      0.000      0.000      0.000      0.000      0.893      0.107      5.000
   439.000      7.000      5.000      4.750      4.000      0.000      0.000      0.000      0.000      0.923      0.077      5.000
   440.000      6.250      4.333      3.500      4.500      0.000      0.000      0.000      0.001      0.123      0.877      6.000
   441.000      5.750      1.667      2.000      2.000      0.796      0.204      0.000      0.000      0.000      0.000      1.000
   442.000      6.000      4.000      4.750      4.250      0.000      0.000      0.000      0.000      0.359      0.640      6.000
   443.000      7.000      5.000      4.250      3.500      0.000      0.000      0.000      0.004      0.182      0.814      6.000
   444.000      6.750      4.333      4.500      4.500      0.000      0.000      0.000      0.000      0.830      0.170      5.000
   446.000      5.500      1.667      4.000      3.000      0.000      0.006      0.990      0.004      0.000      0.000      3.000
   447.000      4.750      3.333      4.000      2.750      0.000      0.002      0.343      0.519      0.000      0.136      4.000
   448.000      6.000      1.333      1.250      1.000      1.000      0.000      0.000      0.000      0.000      0.000      1.000
   449.000      6.500      4.000      4.250      4.000      0.000      0.000      0.000      0.002      0.049      0.949      6.000
   450.000      5.500      3.333      3.750      4.000      0.000      0.000      0.029      0.021      0.000      0.950      6.000
   451.000      6.000      2.333      4.000      2.750      0.000      0.044      0.778      0.173      0.000      0.005      3.000
   452.000      5.500      4.000      3.750      3.750      0.000      0.000      0.001      0.022      0.001      0.975      6.000
   453.000      6.000      3.667      3.750      4.000      0.000      0.000      0.002      0.014      0.002      0.982      6.000
   454.000      6.000      4.000      5.000      4.750      0.000      0.000      0.000      0.000      0.931      0.069      5.000
   455.000      3.000      3.333      4.750      3.500      0.000      0.000      0.821      0.001      0.000      0.178      3.000
   456.000      4.500      3.000      2.500      2.250      0.002      0.985      0.000      0.013      0.000      0.000      2.000
   457.000      5.250      4.667      3.500      4.500      0.000      0.000      0.000      0.000      0.163      0.837      6.000
   458.000      5.000      3.667      4.000      3.750      0.000      0.000      0.018      0.015      0.001      0.967      6.000
   459.000      5.750      3.667      4.750      4.500      0.000      0.000      0.001      0.000      0.320      0.679      6.000
   460.000      4.250      2.333      3.750      3.500      0.000      0.000      0.990      0.005      0.000      0.005      3.000
   461.000      5.250      2.333      4.000      4.000      0.000      0.000      0.936      0.003      0.000      0.061      3.000
   462.000      4.750      2.333      5.000      2.250      0.000      0.000      0.997      0.002      0.000      0.000      3.000
   463.000      5.250      2.000      2.250      2.000      0.337      0.663      0.000      0.000      0.000      0.000      2.000
   464.000      5.250      3.667      3.750      3.250      0.000      0.000      0.031      0.291      0.000      0.678      6.000
   465.000      4.000      4.333      4.500      4.000      0.000      0.000      0.001      0.000      0.046      0.953      6.000
   466.000      6.250      3.667      4.250      3.250      0.000      0.000      0.013      0.112      0.000      0.875      6.000
   467.000      4.000      2.000      2.750      1.500      0.532      0.468      0.000      0.000      0.000      0.000      1.000
   468.000      4.250      3.000      3.750      3.500      0.000      0.000      0.763      0.051      0.000      0.186      3.000
   469.000      5.250      4.000      4.000      4.000      0.000      0.000      0.001      0.002      0.008      0.988      6.000
   470.000      4.000      2.667      3.500      3.250      0.000      0.002      0.938      0.047      0.000      0.014      3.000
   471.000      4.000      1.667      2.750      1.750      0.676      0.324      0.000      0.000      0.000      0.000      1.000
   472.000      6.250      3.667      5.000      4.250      0.000      0.000      0.001      0.000      0.315      0.684      6.000
   473.000      6.750      2.333      3.000      2.000      0.002      0.996      0.000      0.002      0.000      0.000      2.000
   474.000      6.000      4.333      3.250      3.750      0.000      0.000      0.000      0.062      0.001      0.936      6.000
   475.000      5.500      3.000      4.000      3.750      0.000      0.000      0.302      0.037      0.000      0.661      6.000
   476.000      5.750      3.667      4.250      3.750      0.000      0.000      0.008      0.008      0.003      0.982      6.000
   477.000      5.750      1.333      1.750      1.000      0.999      0.001      0.000      0.000      0.000      0.000      1.000
   478.000      5.250      3.333      2.750      3.250      0.000      0.017      0.011      0.919      0.000      0.053      4.000
   479.000      4.750      1.667      4.500      3.750      0.000      0.000      1.000      0.000      0.000      0.000      3.000
   480.000      5.000      3.333      2.500      3.500      0.000      0.011      0.012      0.888      0.000      0.089      4.000
   481.000      7.000      5.000      4.750      5.000      0.000      0.000      0.000      0.000      0.999      0.001      5.000
   482.000      5.500      3.667      4.000      4.000      0.000      0.000      0.005      0.005      0.003      0.987      6.000
   483.000      5.500      2.667      4.000      3.750      0.000      0.000      0.742      0.023      0.000      0.235      3.000
   484.000      7.000      3.667      4.000      3.250      0.000      0.000      0.004      0.255      0.000      0.741      6.000
   485.000      6.000      3.000      2.500      2.500      0.000      0.920      0.000      0.080      0.000      0.000      2.000
   486.000      6.750      3.000      2.000      1.750      0.011      0.989      0.000      0.000      0.000      0.000      2.000
   487.000      4.500      3.000      4.000      3.500      0.000      0.000      0.746      0.028      0.000      0.226      3.000
   488.000      2.750      2.667      2.500      2.000      0.070      0.929      0.000      0.000      0.000      0.000      2.000
   489.000      5.500      2.333      3.500      3.250      0.000      0.015      0.845      0.127      0.000      0.013      3.000
   490.000      4.000      1.667      3.750      3.250      0.000      0.001      0.999      0.000      0.000      0.000      3.000
   491.000      5.750      3.667      4.000      4.000      0.000      0.000      0.004      0.005      0.004      0.988      6.000
   492.000      7.000      3.000      4.000      3.500      0.000      0.000      0.087      0.218      0.000      0.694      6.000
   493.000      6.000      3.667      3.750      3.000      0.000      0.000      0.012      0.628      0.000      0.360      4.000
   494.000      3.750      3.667      3.500      4.250      0.000      0.000      0.020      0.003      0.001      0.976      6.000
   495.000      4.250      2.667      4.000      4.250      0.000      0.000      0.810      0.001      0.000      0.189      3.000
   496.000      4.500      3.667      4.250      4.000      0.000      0.000      0.020      0.001      0.003      0.976      6.000
   497.000      5.250      3.000      3.250      3.500      0.000      0.002      0.250      0.472      0.000      0.276      4.000
   498.000      3.750      5.000      3.000      3.750      0.000      0.000      0.000      0.017      0.001      0.982      6.000
   499.000      5.000      3.000      4.000      4.250      0.000      0.000      0.189      0.003      0.001      0.808      6.000
   500.000      6.750      3.333      4.000      3.750      0.000      0.000      0.012      0.041      0.001      0.945      6.000
   501.000      6.250      3.667      4.250      3.750      0.000      0.000      0.004      0.009      0.004      0.983      6.000
   502.000      3.000      1.667      2.250      1.750      0.969      0.031      0.000      0.000      0.000      0.000      1.000
   503.000      6.000      3.667      4.000      3.750      0.000      0.000      0.005      0.018      0.001      0.976      6.000
   504.000      5.750      4.333      3.500      3.750      0.000      0.000      0.000      0.023      0.002      0.974      6.000
   505.000      4.000      4.000      4.000      4.000      0.000      0.000      0.005      0.001      0.003      0.991      6.000
   506.000      4.750      3.667      3.750      3.750      0.000      0.000      0.022      0.023      0.000      0.954      6.000
   507.000      4.000      3.333      4.250      2.750      0.000      0.000      0.791      0.104      0.000      0.105      3.000
   509.000      5.250      4.000      4.000      3.500      0.000      0.000      0.004      0.025      0.001      0.971      6.000
   510.000      5.750      3.333      3.750      3.250      0.000      0.000      0.085      0.397      0.000      0.517      6.000
   511.000      4.000      5.000      4.500      5.000      0.000      0.000      0.000      0.000      0.982      0.018      5.000
   512.000      7.000      3.000      3.000      3.750      0.000      0.001      0.014      0.653      0.000      0.332      4.000
   513.000      4.500      3.000      4.750      4.250      0.000      0.000      0.381      0.000      0.003      0.616      6.000
   514.000      6.750      4.333      4.250      4.750      0.000      0.000      0.000      0.000      0.871      0.129      5.000
   515.000      3.250      2.000      3.500      4.000      0.000      0.000      0.999      0.000      0.000      0.001      3.000
   516.000      5.500      3.333      4.000      3.500      0.000      0.000      0.107      0.073      0.000      0.820      6.000
   517.000      5.000      3.333      3.750      3.500      0.000      0.000      0.163      0.116      0.000      0.721      6.000
   518.000      6.000      3.000      2.250      2.250      0.001      0.990      0.000      0.008      0.000      0.000      2.000
   519.000      5.250      4.667      4.250      4.250      0.000      0.000      0.000      0.000      0.368      0.632      6.000
   520.000      3.000      4.000      4.000      4.000      0.000      0.000      0.019      0.001      0.001      0.979      6.000
   521.000      6.500      4.000      4.000      4.000      0.000      0.000      0.000      0.003      0.021      0.976      6.000
   522.000      5.750      4.333      4.500      4.250      0.000      0.000      0.000      0.000      0.376      0.624      6.000
   523.000      5.500      4.000      4.500      3.500      0.000      0.000      0.003      0.005      0.004      0.987      6.000
   524.000      4.250      3.000      4.750      3.750      0.000      0.000      0.764      0.001      0.000      0.235      3.000
   525.000      4.750      3.333      3.500      3.750      0.000      0.000      0.118      0.073      0.000      0.809      6.000
   526.000      4.750      3.667      3.750      3.250      0.000      0.000      0.065      0.199      0.000      0.736      6.000
   527.000      6.750      4.667      5.000      4.750      0.000      0.000      0.000      0.000      0.996      0.004      5.000
   528.000      5.000      3.667      5.000      4.250      0.000      0.000      0.006      0.000      0.136      0.857      6.000
   529.000      5.750      2.667      4.000      3.750      0.000      0.000      0.680      0.026      0.000      0.295      3.000
   530.000      6.500      5.000      3.750      4.250      0.000      0.000      0.000      0.000      0.506      0.494      5.000
   532.000      4.750      3.000      3.250      3.750      0.000      0.000      0.401      0.155      0.000      0.444      6.000
   533.000      5.000      3.333      3.500      3.750      0.000      0.000      0.088      0.079      0.000      0.833      6.000
   535.000      4.750      3.667      4.750      5.000      0.000      0.000      0.000      0.000      0.681      0.319      5.000
   536.000      4.000      3.000      4.000      3.000      0.000      0.000      0.923      0.038      0.000      0.038      3.000
   537.000      4.250      2.667      2.250      3.000      0.002      0.929      0.007      0.062      0.000      0.000      2.000
   538.000      6.000      3.333      3.000      3.500      0.000      0.001      0.013      0.687      0.000      0.298      4.000
   539.000      6.000      4.000      3.500      3.500      0.000      0.000      0.001      0.125      0.000      0.874      6.000
   540.000      6.000      3.333      3.250      3.000      0.000      0.009      0.014      0.905      0.000      0.072      4.000
   541.000      5.750      3.667      3.750      4.000      0.000      0.000      0.003      0.009      0.002      0.986      6.000
   542.000      5.000      3.667      4.250      4.000      0.000      0.000      0.011      0.001      0.004      0.984      6.000
   543.000      7.000      3.000      5.000      3.750      0.000      0.000      0.090      0.003      0.006      0.901      6.000
   544.000      4.500      3.667      3.500      3.000      0.000      0.001      0.073      0.589      0.000      0.337      4.000
   545.000      6.750      2.667      2.750      2.000      0.001      0.995      0.000      0.003      0.000      0.000      2.000
   546.000      6.500      4.000      4.000      4.500      0.000      0.000      0.000      0.000      0.188      0.812      6.000
   547.000      6.250      4.333      3.750      4.250      0.000      0.000      0.000      0.001      0.076      0.923      6.000
   548.000      5.500      2.667      3.750      3.250      0.000      0.001      0.787      0.140      0.000      0.072      3.000
   549.000      6.000      4.333      4.000      3.500      0.000      0.000      0.000      0.015      0.004      0.981      6.000
   550.000      6.750      3.333      4.250      4.250      0.000      0.000      0.004      0.001      0.018      0.977      6.000
   551.000      5.250      3.000      3.250      3.000      0.000      0.047      0.160      0.748      0.000      0.046      4.000
   552.000      4.750      3.333      4.500      3.250      0.000      0.000      0.447      0.022      0.000      0.531      6.000
   553.000      5.500      3.667      3.500      3.500      0.000      0.000      0.013      0.166      0.000      0.821      6.000
   554.000      7.000      3.333      2.000      2.000      0.001      0.994      0.000      0.005      0.000      0.000      2.000
   555.000      4.500      3.000      4.000      3.750      0.000      0.000      0.627      0.010      0.000      0.363      3.000
   556.000      6.000      4.333      4.250      3.750      0.000      0.000      0.000      0.002      0.028      0.970      6.000
   557.000      7.000      3.333      2.500      2.500      0.000      0.653      0.000      0.347      0.000      0.000      2.000
   558.000      5.750      3.000      3.750      3.500      0.000      0.000      0.308      0.169      0.000      0.522      6.000
   559.000      6.000      3.000      4.000      3.750      0.000      0.000      0.189      0.036      0.000      0.775      6.000
   560.000      5.000      4.000      4.000      3.250      0.000      0.000      0.010      0.060      0.000      0.931      6.000
   561.000      5.250      3.667      3.500      4.000      0.000      0.000      0.006      0.014      0.000      0.980      6.000
   563.000      5.500      4.000      4.250      3.750      0.000      0.000      0.002      0.003      0.006      0.990      6.000
   564.000      5.000      3.667      3.750      3.250      0.000      0.000      0.049      0.191      0.000      0.760      6.000
   565.000      6.000      3.333      3.250      2.500      0.000      0.149      0.004      0.840      0.000      0.006      4.000
   566.000      3.250      2.000      1.750      2.250      0.875      0.125      0.000      0.000      0.000      0.000      1.000
   567.000      6.500      5.000      5.000      5.000      0.000      0.000      0.000      0.000      0.999      0.001      5.000
   568.000      4.250      4.000      4.000      3.500      0.000      0.000      0.014      0.013      0.000      0.973      6.000
   569.000      5.750      2.333      2.750      2.250      0.005      0.993      0.000      0.002      0.000      0.000      2.000
   570.000      6.000      3.333      3.750      2.500      0.000      0.027      0.030      0.910      0.000      0.033      4.000
   571.000      4.750      2.667      3.500      2.750      0.000      0.130      0.638      0.225      0.000      0.006      3.000
   572.000      5.000      4.333      4.000      4.000      0.000      0.000      0.000      0.001      0.019      0.980      6.000
   573.000      4.750      4.333      4.500      3.750      0.000      0.000      0.001      0.001      0.023      0.976      6.000
   574.000      4.500      3.333      4.000      4.000      0.000      0.000      0.114      0.003      0.000      0.882      6.000
   575.000      6.000      4.000      3.500      4.000      0.000      0.000      0.000      0.010      0.003      0.987      6.000
   576.000      4.000      3.333      4.000      3.000      0.000      0.000      0.708      0.093      0.000      0.199      3.000
   577.000      6.750      4.667      4.000      4.750      0.000      0.000      0.000      0.000      0.901      0.099      5.000
   578.000      5.000      2.667      2.750      3.000      0.000      0.613      0.073      0.312      0.000      0.003      2.000
   579.000      6.000      4.333      4.000      4.250      0.000      0.000      0.000      0.000      0.125      0.875      6.000
   580.000      4.500      3.667      3.750      2.750      0.000      0.002      0.123      0.614      0.000      0.261      4.000
   581.000      4.750      3.333      4.750      4.250      0.000      0.000      0.061      0.000      0.016      0.923      6.000
   582.000      4.000      2.667      4.000      4.000      0.000      0.000      0.921      0.001      0.000      0.078      3.000
   584.000      6.750      4.000      3.500      4.000      0.000      0.000      0.000      0.013      0.005      0.982      6.000
   585.000      7.000      5.000      4.500      4.750      0.000      0.000      0.000      0.000      0.994      0.006      5.000
   586.000      7.000      4.667      4.750      5.000      0.000      0.000      0.000      0.000      0.997      0.003      5.000
   587.000      6.750      3.667      3.250      3.000      0.000      0.002      0.001      0.879      0.000      0.118      4.000
   588.000      6.000      4.000      3.500      4.000      0.000      0.000      0.000      0.009      0.003      0.988      6.000
   589.000      4.000      3.333      5.000      4.750      0.000      0.000      0.040      0.000      0.180      0.780      6.000
   590.000      5.500      3.667      4.000      4.000      0.000      0.000      0.005      0.003      0.003      0.989      6.000
   591.000      5.500      4.000      3.750      3.750      0.000      0.000      0.001      0.012      0.001      0.985      6.000
   592.000      5.000      4.000      4.000      4.000      0.000      0.000      0.001      0.001      0.006      0.991      6.000
   593.000      4.750      4.667      4.250      3.750      0.000      0.000      0.000      0.001      0.032      0.968      6.000
