     6.500      2.000      2.250      2.000      1.000      0.000      0.000      1.000
     6.250      3.000      3.750      3.000      0.001      0.997      0.002      2.000
     5.750      3.667      3.500      3.750      0.000      0.945      0.055      2.000
     5.500      2.667      3.000      2.500      0.816      0.184      0.000      1.000
     5.500      4.000      3.500      3.750      0.000      0.902      0.098      2.000
     6.500      3.667      3.250      3.500      0.000      0.984      0.016      2.000
     5.250      1.000      1.750      1.000      1.000      0.000      0.000      1.000
     7.000      3.333      4.000      2.750      0.001      0.995      0.004      2.000
     6.500      2.333      2.500      2.000      1.000      0.000      0.000      1.000
     7.000      3.000      3.000      3.500      0.003      0.995      0.002      2.000
     6.000      2.333      3.750      2.500      0.182      0.818      0.000      2.000
     4.750      2.667      2.000      2.000      1.000      0.000      0.000      1.000
     6.750      2.667      3.750      2.750      0.016      0.984      0.000      2.000
     6.250      3.667      4.000      3.000      0.000      0.984      0.016      2.000
     5.250      4.000      4.250      5.000      0.000      0.014      0.986      3.000
     6.500      5.000      4.000      4.500      0.000      0.012      0.988      3.000
     6.250      1.333      2.250      1.750      1.000      0.000      0.000      1.000
     7.000      4.000      3.250      3.500      0.000      0.961      0.039      2.000
     5.750      1.667      2.250      1.500      1.000      0.000      0.000      1.000
     6.250      2.667      4.000      1.500      0.921      0.079      0.000      1.000
     5.000      4.000      3.000      3.000      0.003      0.996      0.001      2.000
     6.000      4.000      3.750      2.750      0.000      0.994      0.006      2.000
     5.500      2.667      2.750      1.250      1.000      0.000      0.000      1.000
     4.750      2.333      3.000      1.750      0.999      0.001      0.000      1.000
     5.500      4.000      3.500      4.000      0.000      0.784      0.216      2.000
     6.750      4.333      4.250      4.500      0.000      0.024      0.976      3.000
     5.750      4.000      3.250      3.250      0.000      0.990      0.010      2.000
     6.250      3.667      3.500      2.000      0.239      0.761      0.000      2.000
     5.250      3.000      2.750      3.000      0.202      0.798      0.000      2.000
     5.750      2.333      2.000      2.000      1.000      0.000      0.000      1.000
     6.750      3.000      3.500      3.250      0.001      0.996      0.003      2.000
     5.750      2.667      4.000      2.500      0.020      0.980      0.000      2.000
     6.000      4.333      3.750      3.000      0.000      0.969      0.031      2.000
     6.000      2.667      4.000      3.750      0.000      0.973      0.027      2.000
     6.000      3.667      4.000      3.500      0.000      0.915      0.085      2.000
     7.000      3.667      4.000      3.750      0.000      0.741      0.259      2.000
     4.500      1.333      2.250      2.000      1.000      0.000      0.000      1.000
     6.000      4.000      3.250      3.250      0.000      0.989      0.011      2.000
     4.000      3.000      3.250      3.000      0.017      0.983      0.000      2.000
     5.500      4.000      4.000      3.750      0.000      0.715      0.285      2.000
     7.000      5.000      5.000      5.000      0.000      0.000      1.000      3.000
     5.250      4.000      4.000      3.250      0.000      0.947      0.053      2.000
     7.000      3.000      2.750      2.750      0.551      0.449      0.000      1.000
     5.750      3.000      3.500      3.500      0.000      0.994      0.005      2.000
     5.250      2.667      2.250      3.000      0.913      0.087      0.000      1.000
     7.000      2.333      2.500      2.250      0.999      0.001      0.000      1.000
     6.000      4.000      3.750      3.750      0.000      0.798      0.202      2.000
     7.000      3.000      3.500      2.250      0.341      0.659      0.000      2.000
     5.000      1.667      1.500      1.500      1.000      0.000      0.000      1.000
     7.000      2.000      3.750      2.500      0.387      0.613      0.000      2.000
     7.000      4.333      4.750      4.250      0.000      0.015      0.985      3.000
     7.000      3.000      3.500      3.000      0.004      0.994      0.001      2.000
     5.500      4.333      3.750      3.750      0.000      0.702      0.298      2.000
     6.500      2.333      3.000      2.000      0.997      0.003      0.000      1.000
     5.500      3.667      3.750      3.500      0.000      0.961      0.039      2.000
     6.500      2.333      2.250      1.750      1.000      0.000      0.000      1.000
     6.000      4.000      4.000      4.000      0.000      0.449      0.551      3.000
     5.500      4.000      3.750      3.250      0.000      0.969      0.031      2.000
     5.500      4.333      3.750      3.500      0.000      0.857      0.143      2.000
     6.250      3.667      3.250      3.750      0.000      0.964      0.036      2.000
     2.000      1.667      2.500      1.500      1.000      0.000      0.000      1.000
     6.250      3.000      3.000      3.000      0.062      0.938      0.000      2.000
     7.000      4.000      4.000      4.000      0.000      0.355      0.645      3.000
     6.000      3.667      3.250      3.000      0.002      0.996      0.002      2.000
     5.000      2.667      2.500      2.250      0.997      0.003      0.000      1.000
     5.250      3.333      2.500      2.250      0.975      0.025      0.000      1.000
     5.750      3.667      4.000      4.000      0.000      0.648      0.352      2.000
     4.000      1.667      1.500      1.000      1.000      0.000      0.000      1.000
     7.000      5.000      5.000      5.000      0.000      0.000      1.000      3.000
     7.000      4.333      3.750      3.750      0.000      0.567      0.433      2.000
     5.250      4.000      3.250      3.250      0.000      0.992      0.008      2.000
     5.250      3.667      4.000      4.500      0.000      0.258      0.742      3.000
     6.000      3.667      3.250      2.500      0.048      0.951      0.000      2.000
     6.000      3.000      4.000      4.250      0.000      0.733      0.267      2.000
     6.250      3.000      3.250      2.750      0.077      0.923      0.000      2.000
     5.250      4.000      3.750      3.000      0.000      0.989      0.011      2.000
     5.750      2.000      2.000      2.000      1.000      0.000      0.000      1.000
     6.500      3.333      4.000      3.500      0.000      0.947      0.053      2.000
     5.250      3.667      3.250      2.750      0.010      0.989      0.001      2.000
     4.750      1.667      1.750      1.500      1.000      0.000      0.000      1.000
     7.000      5.000      4.000      4.000      0.000      0.061      0.939      3.000
     6.250      4.667      4.250      3.500      0.000      0.372      0.628      3.000
     6.750      4.667      4.250      4.250      0.000      0.029      0.971      3.000
     5.500      3.333      3.000      3.250      0.005      0.994      0.001      2.000
     7.000      2.667      2.750      2.500      0.945      0.055      0.000      1.000
     5.500      3.667      4.000      4.000      0.000      0.670      0.330      2.000
     5.500      3.000      3.000      3.000      0.062      0.938      0.000      2.000
     6.000      3.000      2.750      2.500      0.857      0.143      0.000      1.000
     4.500      2.333      3.000      3.250      0.098      0.902      0.000      2.000
     6.250      3.333      3.750      3.000      0.000      0.996      0.004      2.000
     4.750      2.667      2.750      2.500      0.945      0.055      0.000      1.000
     5.500      4.000      4.750      3.750      0.000      0.263      0.737      3.000
     6.250      3.667      2.500      2.250      0.933      0.067      0.000      1.000
     5.000      3.000      3.000      3.000      0.062      0.938      0.000      2.000
     6.750      3.000      3.000      3.000      0.062      0.938      0.000      2.000
     5.750      3.667      3.750      3.750      0.000      0.899      0.101      2.000
     5.500      2.333      2.500      2.000      1.000      0.000      0.000      1.000
     7.000      4.000      4.000      3.000      0.000      0.958      0.042      2.000
     6.000      3.667      3.750      3.500      0.000      0.954      0.046      2.000
     5.250      2.000      3.000      2.000      0.999      0.001      0.000      1.000
     6.000      4.000      4.000      3.500      0.000      0.840      0.160      2.000
     5.750      4.000      3.250      3.500      0.000      0.976      0.024      2.000
     5.500      2.000      2.500      2.250      1.000      0.000      0.000      1.000
     7.000      5.000      4.750      5.000      0.000      0.000      1.000      3.000
     6.750      4.667      4.250      3.500      0.000      0.328      0.672      3.000
     4.500      4.000      4.250      3.750      0.000      0.660      0.340      2.000
     7.000      2.000      3.000      1.500      1.000      0.000      0.000      1.000
     6.000      3.667      3.500      2.250      0.061      0.939      0.000      2.000
     6.750      4.333      4.000      2.500      0.000      0.987      0.013      2.000
     4.500      2.000      2.000      1.500      1.000      0.000      0.000      1.000
     7.000      2.333      2.500      1.750      1.000      0.000      0.000      1.000
     4.500      2.000      3.000      2.000      0.999      0.001      0.000      1.000
     6.000      3.333      2.750      2.250      0.912      0.088      0.000      1.000
     7.000      5.000      4.750      4.750      0.000      0.001      0.999      3.000
     6.000      4.000      3.500      3.000      0.000      0.992      0.008      2.000
     7.000      3.000      3.000      2.250      0.884      0.116      0.000      1.000
     5.500      4.000      3.500      4.000      0.000      0.784      0.216      2.000
     5.250      2.333      2.250      2.000      1.000      0.000      0.000      1.000
     7.000      1.667      1.500      1.500      1.000      0.000      0.000      1.000
     6.250      3.667      4.250      3.750      0.000      0.667      0.333      2.000
     5.750      3.000      3.500      2.250      0.342      0.658      0.000      2.000
     4.750      3.667      3.500      3.500      0.000      0.985      0.015      2.000
     5.500      2.667      3.000      2.000      0.991      0.009      0.000      1.000
     4.500      1.000      1.500      1.250      1.000      0.000      0.000      1.000
     7.000      3.667      3.500      2.750      0.003      0.995      0.002      2.000
     5.500      3.667      4.000      4.250      0.000      0.444      0.556      3.000
     6.750      4.333      4.750      4.750      0.000      0.003      0.997      3.000
     7.000      3.667      3.750      4.000      0.000      0.683      0.317      2.000
     5.500      4.333      4.000      4.250      0.000      0.161      0.839      3.000
     5.500      3.667      3.250      2.750      0.010      0.989      0.001      2.000
     6.000      3.667      4.250      4.250      0.000      0.255      0.745      3.000
     6.000      3.667      1.500      1.500      1.000      0.000      0.000      1.000
     6.000      2.000      2.000      2.000      1.000      0.000      0.000      1.000
     7.000      3.667      3.250      3.750      0.000      0.953      0.047      2.000
     7.000      3.000      3.250      3.000      0.017      0.982      0.001      2.000
     5.250      1.667      2.000      1.250      1.000      0.000      0.000      1.000
     5.500      3.000      4.000      4.000      0.000      0.894      0.106      2.000
     5.500      3.333      3.750      3.000      0.000      0.997      0.003      2.000
     4.000      1.667      3.750      3.500      0.003      0.997      0.000      2.000
     6.000      2.333      2.750      1.750      1.000      0.000      0.000      1.000
     3.250      2.000      4.000      2.750      0.033      0.967      0.000      2.000
     4.750      3.667      4.000      4.000      0.000      0.731      0.269      2.000
     6.000      3.000      3.250      3.000      0.017      0.983      0.000      2.000
     6.000      4.000      4.000      4.000      0.000      0.449      0.551      3.000
     2.750      3.000      4.000      3.750      0.000      0.984      0.016      2.000
     7.000      5.000      4.000      4.000      0.000      0.061      0.939      3.000
     5.500      3.333      3.500      3.750      0.000      0.975      0.025      2.000
     6.250      4.000      3.750      3.500      0.000      0.901      0.099      2.000
     6.000      4.000      2.750      2.750      0.051      0.948      0.000      2.000
     5.250      2.333      4.250      3.250      0.000      0.997      0.003      2.000
     5.000      3.000      4.000      3.250      0.000      0.994      0.006      2.000
     6.000      4.667      4.750      4.250      0.000      0.011      0.989      3.000
     7.000      4.000      4.250      4.000      0.000      0.223      0.777      3.000
     4.500      3.333      3.500      3.000      0.002      0.997      0.001      2.000
     3.750      3.000      4.500      3.500      0.000      0.967      0.033      2.000
     5.250      2.333      2.250      2.250      1.000      0.000      0.000      1.000
     6.500      3.667      4.500      4.750      0.000      0.022      0.978      3.000
     5.750      2.667      3.250      2.000      0.965      0.035      0.000      1.000
     7.000      3.333      3.750      2.500      0.010      0.990      0.001      2.000
     5.000      3.333      4.000      3.750      0.000      0.927      0.073      2.000
     6.000      4.333      5.000      5.000      0.000      0.001      0.999      3.000
     4.000      3.000      2.750      2.000      0.993      0.007      0.000      1.000
     5.500      3.667      3.250      3.000      0.002      0.996      0.002      2.000
     6.000      4.000      4.750      5.000      0.000      0.003      0.997      3.000
     4.250      1.333      1.750      1.000      1.000      0.000      0.000      1.000
     6.000      4.000      4.000      4.000      0.000      0.449      0.551      3.000
     4.000      4.000      4.000      4.500      0.000      0.217      0.783      3.000
     5.000      3.333      2.750      3.500      0.004      0.995      0.001      2.000
     6.000      4.000      4.000      4.000      0.000      0.449      0.551      3.000
     4.000      3.667      5.000      3.750      0.000      0.407      0.593      3.000
     4.250      4.000      4.500      4.000      0.000      0.306      0.694      3.000
     6.000      3.667      3.000      3.000      0.008      0.991      0.001      2.000
     4.000      2.333      4.750      4.500      0.000      0.585      0.415      2.000
     6.000      4.000      3.750      3.750      0.000      0.798      0.202      2.000
     4.750      4.000      4.500      4.250      0.000      0.125      0.875      3.000
     6.000      4.667      5.000      5.000      0.000      0.000      1.000      3.000
     4.000      4.000      4.500      4.250      0.000      0.161      0.839      3.000
     4.500      2.667      1.750      2.500      1.000      0.000      0.000      1.000
     6.250      3.333      3.000      2.750      0.102      0.898      0.000      2.000
     5.750      3.667      3.250      3.250      0.000      0.995      0.005      2.000
     5.750      4.000      3.500      3.500      0.000      0.955      0.045      2.000
     4.500      3.667      2.750      3.500      0.001      0.997      0.002      2.000
     4.750      3.667      3.750      4.000      0.000      0.839      0.161      2.000
     5.250      4.000      3.500      3.000      0.000      0.994      0.006      2.000
     5.500      3.333      4.000      3.500      0.000      0.964      0.036      2.000
     4.500      4.000      4.250      4.250      0.000      0.232      0.768      3.000
     5.000      4.000      4.500      4.250      0.000      0.115      0.885      3.000
     5.000      3.333      3.500      3.750      0.000      0.979      0.021      2.000
     2.000      3.000      4.000      3.250      0.000      0.998      0.002      2.000
     6.750      4.333      3.250      4.500      0.000      0.246      0.754      3.000
     6.000      3.000      3.250      2.250      0.666      0.334      0.000      1.000
     5.500      2.667      3.750      2.000      0.652      0.348      0.000      1.000
     7.000      4.333      4.750      4.250      0.000      0.015      0.985      3.000
     6.500      4.000      4.500      4.000      0.000      0.154      0.846      3.000
     5.500      2.333      1.750      1.500      1.000      0.000      0.000      1.000
     5.500      4.000      3.750      4.000      0.000      0.655      0.345      2.000
     5.500      2.667      4.000      4.000      0.000      0.945      0.055      2.000
     6.000      3.667      4.500      4.000      0.000      0.312      0.688      3.000
     7.000      5.000      5.000      5.000      0.000      0.000      1.000      3.000
     4.000      2.667      4.250      2.500      0.005      0.994      0.000      2.000
     3.750      3.000      3.750      3.250      0.000      0.998      0.002      2.000
     5.250      2.333      4.000      2.750      0.012      0.988      0.000      2.000
     4.000      2.667      5.000      2.750      0.000      0.996      0.004      2.000
     4.250      1.667      1.250      1.500      1.000      0.000      0.000      1.000
     4.750      4.000      4.500      4.000      0.000      0.266      0.734      3.000
     4.000      3.667      4.500      4.250      0.000      0.282      0.718      3.000
     6.000      5.000      4.500      4.500      0.000      0.004      0.996      3.000
     5.500      3.667      4.750      3.750      0.000      0.422      0.578      3.000
     3.500      2.667      4.250      4.250      0.000      0.886      0.114      2.000
     4.750      4.667      3.500      4.000      0.000      0.539      0.461      2.000
     4.750      3.667      5.000      4.500      0.000      0.030      0.970      3.000
     2.750      3.000      4.000      4.250      0.000      0.907      0.093      2.000
     5.750      3.333      4.500      4.000      0.000      0.506      0.494      2.000
     4.000      2.667      4.000      2.750      0.004      0.996      0.000      2.000
     3.500      2.000      3.000      2.250      0.994      0.006      0.000      1.000
     5.000      2.333      2.000      2.500      1.000      0.000      0.000      1.000
     3.000      4.000      4.500      4.000      0.000      0.418      0.582      3.000
     5.500      4.000      4.000      4.000      0.000      0.498      0.502      3.000
     4.750      4.333      3.000      3.000      0.001      0.996      0.003      2.000
     5.000      4.667      5.000      4.750      0.000      0.001      0.999      3.000
     6.000      4.000      4.000      4.000      0.000      0.449      0.551      3.000
     4.000      2.333      4.000      3.000      0.002      0.997      0.000      2.000
     4.000      3.667      4.000      4.000      0.000      0.785      0.215      2.000
     6.750      4.333      5.000      5.000      0.000      0.001      0.999      3.000
     4.250      3.333      4.750      3.500      0.000      0.861      0.139      2.000
     6.000      4.000      4.000      3.500      0.000      0.840      0.160      2.000
     6.250      4.333      4.250      4.000      0.000      0.159      0.841      3.000
     4.000      3.667      4.750      4.000      0.000      0.341      0.659      3.000
     5.250      4.000      5.000      4.750      0.000      0.005      0.995      3.000
     6.000      4.667      5.000      4.500      0.000      0.002      0.998      3.000
     3.000      3.333      3.750      1.750      0.533      0.467      0.000      1.000
     3.250      2.667      3.000      1.750      0.998      0.002      0.000      1.000
     4.750      2.667      4.000      3.500      0.000      0.993      0.007      2.000
     5.500      4.000      4.500      4.500      0.000      0.040      0.960      3.000
     6.250      4.667      4.250      3.750      0.000      0.190      0.810      3.000
     3.750      3.000      3.500      3.250      0.001      0.998      0.001      2.000
     4.500      3.000      5.000      4.000      0.000      0.482      0.518      3.000
     6.000      3.667      3.500      3.750      0.000      0.939      0.061      2.000
     6.250      4.667      4.750      4.000      0.000      0.025      0.975      3.000
     4.000      3.333      3.750      4.000      0.000      0.935      0.065      2.000
     6.250      2.000      2.750      1.500      1.000      0.000      0.000      1.000
     3.500      2.333      5.000      2.750      0.000      0.998      0.002      2.000
     4.500      3.667      5.000      3.500      0.000      0.588      0.412      2.000
     4.000      3.333      3.500      4.000      0.000      0.965      0.035      2.000
     2.250      2.667      4.250      4.000      0.000      0.970      0.030      2.000
     3.000      3.333      5.000      3.500      0.000      0.840      0.160      2.000
     5.750      3.333      4.000      3.250      0.000      0.984      0.016      2.000
     4.000      3.667      4.000      4.000      0.000      0.785      0.215      2.000
     5.000      4.000      3.500      3.500      0.000      0.966      0.034      2.000
     5.250      4.333      5.000      4.750      0.000      0.002      0.998      3.000
     5.000      3.333      3.500      4.000      0.000      0.949      0.051      2.000
     5.250      3.667      4.500      4.000      0.000      0.378      0.622      3.000
     5.250      4.333      5.000      3.750      0.000      0.091      0.909      3.000
     4.000      4.000      5.000      4.500      0.000      0.020      0.980      3.000
     7.000      2.667      3.500      3.250      0.003      0.996      0.002      2.000
     5.500      3.667      4.000      2.750      0.000      0.995      0.005      2.000
     4.000      2.667      4.750      3.750      0.000      0.918      0.082      2.000
     5.250      3.667      3.000      3.500      0.000      0.995      0.005      2.000
     7.000      3.667      4.250      4.000      0.000      0.370      0.630      3.000
     4.000      4.667      5.000      5.000      0.000      0.001      0.999      3.000
     4.000      3.667      5.000      4.000      0.000      0.213      0.787      3.000
     5.000      4.000      4.000      4.000      0.000      0.547      0.453      2.000
     4.000      3.333      5.000      2.500      0.000      0.993      0.007      2.000
     2.000      2.333      5.000      4.000      0.000      0.912      0.088      2.000
     5.000      3.333      3.500      3.000      0.002      0.997      0.001      2.000
     4.750      3.000      3.750      3.000      0.001      0.998      0.001      2.000
     4.250      3.000      3.750      3.500      0.000      0.994      0.006      2.000
     5.250      3.667      5.000      4.500      0.000      0.025      0.975      3.000
     5.250      4.000      3.500      3.500      0.000      0.963      0.037      2.000
     5.500      4.000      3.000      3.000      0.003      0.995      0.002      2.000
     5.000      3.000      4.500      3.750      0.000      0.877      0.123      2.000
     4.500      3.000      3.500      3.250      0.001      0.998      0.001      2.000
     3.500      3.333      4.000      3.750      0.000      0.958      0.042      2.000
     5.750      4.333      4.500      4.500      0.000      0.018      0.982      3.000
     6.250      4.000      4.500      4.500      0.000      0.030      0.970      3.000
     5.500      3.000      5.000      3.750      0.000      0.614      0.386      2.000
     4.000      3.000      3.750      3.000      0.001      0.998      0.001      2.000
     4.250      3.667      5.000      4.000      0.000      0.197      0.803      3.000
     5.500      2.667      4.500      3.750      0.000      0.923      0.077      2.000
     5.500      3.333      3.250      2.750      0.029      0.971      0.000      2.000
     5.000      3.000      4.250      3.750      0.000      0.932      0.068      2.000
     6.750      4.000      4.000      4.000      0.000      0.378      0.622      3.000
     4.750      4.000      3.750      3.250      0.000      0.976      0.024      2.000
     5.000      3.000      3.750      3.250      0.000      0.997      0.003      2.000
     5.000      5.000      4.750      3.250      0.000      0.246      0.754      3.000
     7.000      4.333      3.500      4.500      0.000      0.133      0.867      3.000
     4.500      4.000      4.000      3.500      0.000      0.904      0.096      2.000
     6.250      4.333      5.000      4.750      0.000      0.002      0.998      3.000
     5.000      3.667      4.750      4.750      0.000      0.021      0.979      3.000
     7.000      3.333      3.750      4.000      0.000      0.815      0.185      2.000
     5.000      4.000      3.750      3.000      0.000      0.990      0.010      2.000
     6.000      3.667      3.750      3.000      0.000      0.992      0.008      2.000
     3.250      2.333      3.750      3.750      0.000      0.998      0.002      2.000
     4.750      3.667      5.000      4.000      0.000      0.168      0.832      3.000
     3.500      2.667      3.750      3.250      0.001      0.998      0.001      2.000
     4.500      2.667      4.750      3.500      0.000      0.959      0.041      2.000
     6.250      3.000      3.250      2.000      0.907      0.093      0.000      1.000
     4.750      4.000      3.750      4.000      0.000      0.718      0.282      2.000
     4.500      3.000      3.750      3.250      0.000      0.997      0.003      2.000
     6.000      5.000      4.750      4.750      0.000      0.001      0.999      3.000
     5.000      4.000      3.750      3.500      0.000      0.937      0.063      2.000
     5.000      4.000      4.250      4.000      0.000      0.386      0.614      3.000
     5.000      2.000      2.000      2.000      1.000      0.000      0.000      1.000
     6.000      2.000      2.500      2.000      1.000      0.000      0.000      1.000
     5.000      4.667      5.000      3.500      0.000      0.121      0.879      3.000
     3.500      3.333      3.000      3.500      0.001      0.998      0.001      2.000
     5.750      4.000      4.750      4.250      0.000      0.048      0.952      3.000
     6.500      3.667      4.500      4.000      0.000      0.272      0.728      3.000
     5.500      4.000      4.000      3.000      0.000      0.976      0.024      2.000
     4.000      2.333      2.750      3.250      0.294      0.705      0.000      2.000
     6.250      4.000      3.250      4.000      0.000      0.839      0.161      2.000
     5.000      3.667      3.250      3.500      0.000      0.991      0.009      2.000
     6.500      3.333      3.500      3.000      0.002      0.996      0.002      2.000
     4.250      4.000      4.000      4.500      0.000      0.201      0.799      3.000
     4.250      3.000      4.500      4.000      0.000      0.790      0.210      2.000
     4.500      2.667      2.750      2.250      0.988      0.012      0.000      1.000
     6.750      4.667      3.500      4.500      0.000      0.077      0.923      3.000
     4.000      2.333      4.000      3.250      0.001      0.999      0.001      2.000
     5.000      4.000      4.000      4.000      0.000      0.547      0.453      2.000
     4.250      3.333      3.750      3.500      0.000      0.988      0.012      2.000
     5.000      4.667      4.750      4.750      0.000      0.003      0.997      3.000
     6.000      2.333      3.500      2.250      0.807      0.193      0.000      1.000
     5.250      3.333      4.000      4.000      0.000      0.820      0.180      2.000
     5.500      3.333      4.750      4.000      0.000      0.371      0.629      3.000
     5.500      4.000      3.750      3.500      0.000      0.924      0.076      2.000
     5.750      2.000      4.750      3.750      0.000      0.959      0.041      2.000
     6.500      4.000      3.750      4.000      0.000      0.562      0.438      2.000
     5.500      3.333      3.500      4.250      0.000      0.857      0.143      2.000
     6.750      2.667      3.500      4.000      0.000      0.975      0.025      2.000
     7.000      4.333      4.750      4.500      0.000      0.006      0.994      3.000
     6.750      4.000      3.500      4.000      0.000      0.691      0.309      2.000
     4.000      2.333      5.000      4.000      0.000      0.825      0.175      2.000
     4.000      3.667      4.000      4.000      0.000      0.785      0.215      2.000
     4.500      4.000      3.750      4.000      0.000      0.738      0.262      2.000
     4.750      3.000      3.750      2.500      0.027      0.973      0.000      2.000
     6.000      2.667      2.750      2.250      0.988      0.012      0.000      1.000
     4.000      2.000      1.250      2.000      1.000      0.000      0.000      1.000
     4.750      3.667      4.750      3.750      0.000      0.495      0.505      3.000
     6.000      4.000      3.500      3.500      0.000      0.951      0.049      2.000
     4.000      3.333      4.000      3.750      0.000      0.950      0.050      2.000
     5.250      3.667      3.750      4.000      0.000      0.811      0.189      2.000
     5.500      4.000      3.000      3.500      0.000      0.988      0.012      2.000
     4.500      3.333      4.000      3.750      0.000      0.940      0.060      2.000
     5.500      4.000      4.000      3.250      0.000      0.942      0.058      2.000
     3.750      2.667      3.500      4.000      0.000      0.992      0.008      2.000
     4.250      4.000      4.750      3.750      0.000      0.368      0.632      3.000
     6.250      3.667      3.000      1.250      0.998      0.002      0.000      1.000
     5.500      3.667      4.500      4.000      0.000      0.356      0.644      3.000
     5.250      4.000      3.500      3.500      0.000      0.963      0.037      2.000
     5.500      4.000      3.500      3.500      0.000      0.959      0.041      2.000
     5.000      2.333      2.000      2.000      1.000      0.000      0.000      1.000
     4.250      4.333      4.250      4.750      0.000      0.025      0.975      3.000
     5.000      3.667      4.750      4.000      0.000      0.259      0.741      3.000
     5.250      4.000      3.750      2.750      0.000      0.995      0.005      2.000
     5.000      4.333      4.000      3.250      0.000      0.906      0.094      2.000
     4.000      4.000      4.750      4.250      0.000      0.091      0.909      3.000
     5.250      2.667      4.250      2.750      0.001      0.998      0.001      2.000
     7.000      2.667      4.750      4.000      0.000      0.578      0.422      2.000
     4.750      4.000      4.000      3.250      0.000      0.956      0.044      2.000
     4.250      3.333      3.000      3.500      0.001      0.997      0.002      2.000
     6.000      4.000      4.000      3.500      0.000      0.840      0.160      2.000
     4.750      2.000      4.750      2.000      0.065      0.935      0.000      2.000
     4.750      3.000      2.500      2.250      0.991      0.009      0.000      1.000
     6.750      4.333      4.500      2.750      0.000      0.894      0.106      2.000
     5.250      4.000      4.000      3.000      0.000      0.978      0.022      2.000
     4.750      2.333      3.000      2.750      0.721      0.279      0.000      1.000
     6.250      2.000      2.000      1.500      1.000      0.000      0.000      1.000
     6.750      4.000      3.750      4.000      0.000      0.538      0.462      2.000
     5.750      4.333      4.000      4.250      0.000      0.148      0.852      3.000
     7.000      4.000      4.000      4.000      0.000      0.355      0.645      3.000
     3.500      3.333      4.750      4.500      0.000      0.167      0.833      3.000
     5.250      4.000      3.750      4.000      0.000      0.677      0.323      2.000
     3.500      3.333      4.500      4.250      0.000      0.493      0.507      3.000
     5.000      4.000      5.000      4.500      0.000      0.014      0.986      3.000
     3.750      1.667      2.250      1.750      1.000      0.000      0.000      1.000
     4.250      2.000      2.000      2.000      1.000      0.000      0.000      1.000
     6.250      4.000      4.000      3.250      0.000      0.923      0.077      2.000
     5.750      4.000      4.000      3.250      0.000      0.936      0.064      2.000
     6.000      3.667      3.250      2.500      0.048      0.951      0.000      2.000
     6.250      2.667      4.000      3.500      0.000      0.988      0.012      2.000
     7.000      4.333      5.000      5.000      0.000      0.000      1.000      3.000
     4.000      2.000      2.000      2.000      1.000      0.000      0.000      1.000
     4.500      2.000      2.750      2.500      0.993      0.007      0.000      1.000
     7.000      4.333      4.000      2.750      0.000      0.966      0.034      2.000
     7.000      5.000      4.000      4.500      0.000      0.010      0.990      3.000
     5.500      4.000      3.750      3.250      0.000      0.969      0.031      2.000
     5.000      3.000      2.250      1.750      1.000      0.000      0.000      1.000
     4.500      4.000      3.500      3.750      0.000      0.932      0.068      2.000
     1.750      1.667      3.500      2.000      0.994      0.006      0.000      1.000
     5.750      4.667      4.000      3.250      0.000      0.778      0.222      2.000
     5.750      3.000      3.250      2.500      0.290      0.710      0.000      2.000
     4.750      3.000      4.250      3.750      0.000      0.938      0.062      2.000
     6.500      3.667      4.000      4.500      0.000      0.176      0.824      3.000
     5.000      3.000      3.250      2.750      0.077      0.923      0.000      2.000
     7.000      5.000      5.000      5.000      0.000      0.000      1.000      3.000
     5.500      3.333      4.500      4.500      0.000      0.149      0.851      3.000
     5.750      3.333      3.000      2.500      0.356      0.644      0.000      2.000
     4.000      4.667      5.000      4.750      0.000      0.002      0.998      3.000
     7.000      4.000      3.500      3.750      0.000      0.837      0.163      2.000
     6.250      2.000      2.500      2.500      0.998      0.002      0.000      1.000
     7.000      4.333      4.750      4.750      0.000      0.002      0.998      3.000
     4.250      4.000      4.500      4.750      0.000      0.026      0.974      3.000
     5.000      2.000      4.250      3.750      0.000      0.991      0.009      2.000
     6.000      4.667      4.000      4.250      0.000      0.071      0.929      3.000
     6.250      4.000      4.000      4.000      0.000      0.425      0.575      3.000
     4.500      2.333      4.000      2.750      0.012      0.988      0.000      2.000
     5.500      3.333      4.500      3.750      0.000      0.741      0.259      2.000
     5.750      3.667      3.750      3.500      0.000      0.958      0.042      2.000
     6.000      4.333      4.500      4.250      0.000      0.041      0.959      3.000
     7.000      3.333      4.000      4.000      0.000      0.697      0.303      2.000
     5.500      4.000      3.500      3.750      0.000      0.902      0.098      2.000
     6.500      4.333      5.000      5.000      0.000      0.001      0.999      3.000
     6.250      3.000      2.250      3.000      0.788      0.212      0.000      1.000
     4.750      3.667      4.500      4.250      0.000      0.226      0.774      3.000
     6.250      4.000      3.750      3.250      0.000      0.958      0.042      2.000
     5.750      3.333      3.500      3.250      0.000      0.995      0.004      2.000
     5.250      3.667      4.000      3.750      0.000      0.850      0.150      2.000
     4.750      3.667      4.500      3.500      0.000      0.826      0.174      2.000
     6.000      3.333      3.500      4.250      0.000      0.831      0.169      2.000
     7.000      4.000      3.500      3.000      0.000      0.988      0.012      2.000
     4.500      2.333      2.500      2.000      1.000      0.000      0.000      1.000
     5.750      4.000      3.750      3.750      0.000      0.814      0.186      2.000
     5.500      4.000      5.000      5.000      0.000      0.002      0.998      3.000
     5.000      2.333      3.000      2.250      0.984      0.016      0.000      1.000
     3.750      2.667      3.750      4.000      0.000      0.985      0.015      2.000
     6.500      4.000      4.000      4.000      0.000      0.401      0.599      3.000
     6.000      3.667      4.000      3.250      0.000      0.964      0.036      2.000
     6.000      3.667      4.000      3.750      0.000      0.809      0.191      2.000
     4.250      2.333      2.500      2.250      0.999      0.001      0.000      1.000
     4.750      3.333      3.750      4.000      0.000      0.914      0.086      2.000
     4.000      3.000      2.750      2.750      0.553      0.447      0.000      1.000
     5.750      3.667      2.750      3.000      0.030      0.969      0.000      2.000
     7.000      4.667      5.000      4.000      0.000      0.010      0.990      3.000
     7.000      5.000      4.750      4.000      0.000      0.009      0.991      3.000
     6.250      4.333      3.500      4.500      0.000      0.171      0.829      3.000
     5.750      1.667      2.000      2.000      1.000      0.000      0.000      1.000
     6.000      4.000      4.750      4.250      0.000      0.044      0.956      3.000
     7.000      5.000      4.250      3.500      0.000      0.178      0.822      3.000
     6.750      4.333      4.500      4.500      0.000      0.012      0.988      3.000
     5.500      1.667      4.000      3.000      0.019      0.981      0.000      2.000
     4.750      3.333      4.000      2.750      0.001      0.998      0.002      2.000
     6.000      1.333      1.250      1.000      1.000      0.000      0.000      1.000
     6.500      4.000      4.250      4.000      0.000      0.259      0.741      3.000
     5.500      3.333      3.750      4.000      0.000      0.888      0.112      2.000
     6.000      2.333      4.000      2.750      0.012      0.988      0.000      2.000
     5.500      4.000      3.750      3.750      0.000      0.828      0.172      2.000
     6.000      3.667      3.750      4.000      0.000      0.761      0.239      2.000
     6.000      4.000      5.000      4.750      0.000      0.004      0.996      3.000
     3.000      3.333      4.750      3.500      0.000      0.910      0.090      2.000
     4.500      3.000      2.500      2.250      0.991      0.009      0.000      1.000
     5.250      4.667      3.500      4.500      0.000      0.130      0.870      3.000
     5.000      3.667      4.000      3.750      0.000      0.862      0.138      2.000
     5.750      3.667      4.750      4.500      0.000      0.039      0.961      3.000
     4.250      2.333      3.750      3.500      0.000      0.998      0.001      2.000
     5.250      2.333      4.000      4.000      0.000      0.975      0.025      2.000
     4.750      2.333      5.000      2.250      0.001      0.998      0.000      2.000
     5.250      2.000      2.250      2.000      1.000      0.000      0.000      1.000
     5.250      3.667      3.750      3.250      0.000      0.986      0.014      2.000
     4.000      4.333      4.500      4.000      0.000      0.192      0.808      3.000
     6.250      3.667      4.250      3.250      0.000      0.928      0.072      2.000
     4.000      2.000      2.750      1.500      1.000      0.000      0.000      1.000
     4.250      3.000      3.750      3.500      0.000      0.994      0.006      2.000
     5.250      4.000      4.000      4.000      0.000      0.522      0.478      2.000
     4.000      2.667      3.500      3.250      0.003      0.997      0.001      2.000
     4.000      1.667      2.750      1.750      1.000      0.000      0.000      1.000
     6.250      3.667      5.000      4.250      0.000      0.042      0.958      3.000
     6.750      2.333      3.000      2.000      0.997      0.003      0.000      1.000
     6.000      4.333      3.250      3.750      0.000      0.877      0.123      2.000
     5.500      3.000      4.000      3.750      0.000      0.955      0.045      2.000
     5.750      3.667      4.250      3.750      0.000      0.709      0.291      2.000
     5.750      1.333      1.750      1.000      1.000      0.000      0.000      1.000
     5.250      3.333      2.750      3.250      0.018      0.982      0.001      2.000
     4.750      1.667      4.500      3.750      0.000      0.993      0.007      2.000
     5.000      3.333      2.500      3.500      0.014      0.985      0.001      2.000
     7.000      5.000      4.750      5.000      0.000      0.000      1.000      3.000
     5.500      3.667      4.000      4.000      0.000      0.670      0.330      2.000
     5.500      2.667      4.000      3.750      0.000      0.978      0.022      2.000
     7.000      3.667      4.000      3.250      0.000      0.948      0.052      2.000
     6.000      3.000      2.500      2.500      0.958      0.042      0.000      1.000
     6.750      3.000      2.000      1.750      1.000      0.000      0.000      1.000
     4.500      3.000      4.000      3.500      0.000      0.988      0.012      2.000
     2.750      2.667      2.500      2.000      0.999      0.001      0.000      1.000
     5.500      2.333      3.500      3.250      0.007      0.992      0.000      2.000
     4.000      1.667      3.750      3.250      0.015      0.985      0.000      2.000
     5.750      3.667      4.000      4.000      0.000      0.648      0.352      2.000
     7.000      3.000      4.000      3.500      0.000      0.968      0.032      2.000
     6.000      3.667      3.750      3.000      0.000      0.992      0.008      2.000
     3.750      3.667      3.500      4.250      0.000      0.853      0.147      2.000
     4.250      2.667      4.000      4.250      0.000      0.918      0.082      2.000
     4.500      3.667      4.250      4.000      0.000      0.610      0.390      2.000
     5.250      3.000      3.250      3.500      0.001      0.997      0.002      2.000
     3.750      5.000      3.000      3.750      0.000      0.887      0.113      2.000
     5.000      3.000      4.000      4.250      0.000      0.802      0.198      2.000
     6.750      3.333      4.000      3.750      0.000      0.865      0.135      2.000
     6.250      3.667      4.250      3.750      0.000      0.667      0.333      2.000
     3.000      1.667      2.250      1.750      1.000      0.000      0.000      1.000
     6.000      3.667      4.000      3.750      0.000      0.809      0.191      2.000
     5.750      4.333      3.500      3.750      0.000      0.804      0.196      2.000
     4.000      4.000      4.000      4.000      0.000      0.641      0.359      2.000
     4.750      3.667      3.750      3.750      0.000      0.930      0.070      2.000
     4.000      3.333      4.250      2.750      0.000      0.997      0.002      2.000
     5.250      4.000      4.000      3.500      0.000      0.875      0.125      2.000
     5.750      3.333      3.750      3.250      0.000      0.991      0.008      2.000
     4.000      5.000      4.500      5.000      0.000      0.001      0.999      3.000
     7.000      3.000      3.000      3.750      0.001      0.993      0.006      2.000
     4.500      3.000      4.750      4.250      0.000      0.413      0.587      3.000
     6.750      4.333      4.250      4.750      0.000      0.009      0.991      3.000
     3.250      2.000      3.500      4.000      0.000      0.998      0.002      2.000
     5.500      3.333      4.000      3.500      0.000      0.964      0.036      2.000
     5.000      3.333      3.750      3.500      0.000      0.984      0.016      2.000
     6.000      3.000      2.250      2.250      0.998      0.002      0.000      1.000
     5.250      4.667      4.250      4.250      0.000      0.051      0.949      3.000
     3.000      4.000      4.000      4.000      0.000      0.725      0.275      2.000
     6.500      4.000      4.000      4.000      0.000      0.401      0.599      3.000
     5.750      4.333      4.500      4.250      0.000      0.045      0.955      3.000
     5.500      4.000      4.500      3.500      0.000      0.634      0.366      2.000
     4.250      3.000      4.750      3.750      0.000      0.833      0.167      2.000
     4.750      3.333      3.500      3.750      0.000      0.981      0.019      2.000
     4.750      3.667      3.750      3.250      0.000      0.988      0.012      2.000
     6.750      4.667      5.000      4.750      0.000      0.001      0.999      3.000
     5.000      3.667      5.000      4.250      0.000      0.067      0.933      3.000
     5.750      2.667      4.000      3.750      0.000      0.975      0.025      2.000
     6.500      5.000      3.750      4.250      0.000      0.056      0.944      3.000
     4.750      3.000      3.250      3.750      0.000      0.995      0.005      2.000
     5.000      3.333      3.500      3.750      0.000      0.979      0.021      2.000
     4.750      3.667      4.750      5.000      0.000      0.009      0.991      3.000
     4.000      3.000      4.000      3.000      0.000      0.998      0.002      2.000
     4.250      2.667      2.250      3.000      0.914      0.086      0.000      1.000
     6.000      3.333      3.000      3.500      0.001      0.996      0.003      2.000
     6.000      4.000      3.500      3.500      0.000      0.951      0.049      2.000
     6.000      3.333      3.250      3.000      0.006      0.993      0.001      2.000
     5.750      3.667      3.750      4.000      0.000      0.779      0.221      2.000
     5.000      3.667      4.250      4.000      0.000      0.563      0.437      2.000
     7.000      3.000      5.000      3.750      0.000      0.469      0.531      3.000
     4.500      3.667      3.500      3.000      0.001      0.997      0.002      2.000
     6.750      2.667      2.750      2.000      0.998      0.002      0.000      1.000
     6.500      4.000      4.000      4.500      0.000      0.094      0.906      3.000
     6.250      4.333      3.750      4.250      0.000      0.215      0.785      3.000
     5.500      2.667      3.750      3.250      0.001      0.997      0.002      2.000
     6.000      4.333      4.000      3.500      0.000      0.719      0.281      2.000
     6.750      3.333      4.250      4.250      0.000      0.343      0.657      3.000
     5.250      3.000      3.250      3.000      0.017      0.983      0.000      2.000
     4.750      3.333      4.500      3.250      0.000      0.961      0.039      2.000
     5.500      3.667      3.500      3.500      0.000      0.979      0.020      2.000
     7.000      3.333      2.000      2.000      1.000      0.000      0.000      1.000
     4.500      3.000      4.000      3.750      0.000      0.969      0.031      2.000
     6.000      4.333      4.250      3.750      0.000      0.345      0.655      3.000
     7.000      3.333      2.500      2.500      0.890      0.110      0.000      1.000
     5.750      3.000      3.750      3.500      0.000      0.989      0.010      2.000
     6.000      3.000      4.000      3.750      0.000      0.946      0.054      2.000
     5.000      4.000      4.000      3.250      0.000      0.952      0.048      2.000
     5.250      3.667      3.500      4.000      0.000      0.891      0.109      2.000
     5.500      4.000      4.250      3.750      0.000      0.567      0.433      2.000
     5.000      3.667      3.750      3.250      0.000      0.987      0.013      2.000
     6.000      3.333      3.250      2.500      0.126      0.874      0.000      2.000
     3.250      2.000      1.750      2.250      1.000      0.000      0.000      1.000
     6.500      5.000      5.000      5.000      0.000      0.000      1.000      3.000
     4.250      4.000      4.000      3.500      0.000      0.912      0.088      2.000
     5.750      2.333      2.750      2.250      0.996      0.004      0.000      1.000
     6.000      3.333      3.750      2.500      0.010      0.990      0.001      2.000
     4.750      2.667      3.500      2.750      0.058      0.942      0.000      2.000
     5.000      4.333      4.000      4.000      0.000      0.371      0.629      3.000
     4.750      4.333      4.500      3.750      0.000      0.310      0.690      3.000
     4.500      3.333      4.000      4.000      0.000      0.860      0.140      2.000
     6.000      4.000      3.500      4.000      0.000      0.750      0.250      2.000
     4.000      3.333      4.000      3.000      0.000      0.997      0.003      2.000
     6.750      4.667      4.000      4.750      0.000      0.009      0.991      3.000
     5.000      2.667      2.750      3.000      0.418      0.582      0.000      2.000
     6.000      4.333      4.000      4.250      0.000      0.136      0.864      3.000
     4.500      3.667      3.750      2.750      0.001      0.998      0.002      2.000
     4.750      3.333      4.750      4.250      0.000      0.238      0.762      3.000
     4.000      2.667      4.000      4.000      0.000      0.969      0.031      2.000
     6.750      4.000      3.500      4.000      0.000      0.691      0.309      2.000
     7.000      5.000      4.500      4.750      0.000      0.001      0.999      3.000
     7.000      4.667      4.750      5.000      0.000      0.000      1.000      3.000
     6.750      3.667      3.250      3.000      0.002      0.995      0.003      2.000
     6.000      4.000      3.500      4.000      0.000      0.750      0.250      2.000
     4.000      3.333      5.000      4.750      0.000      0.033      0.967      3.000
     5.500      3.667      4.000      4.000      0.000      0.670      0.330      2.000
     5.500      4.000      3.750      3.750      0.000      0.828      0.172      2.000
     5.000      4.000      4.000      4.000      0.000      0.547      0.453      2.000
     4.750      4.667      4.250      3.750      0.000      0.296      0.704      3.000
