     6.500      2.000      2.250      2.000      0.910      0.090      0.000      0.000      0.000      0.000      0.000      0.000      1.000
     6.250      3.000      3.750      3.000      0.000      0.000      0.012      0.076      0.000      0.898      0.013      0.000      6.000
     5.750      3.667      3.500      3.750      0.000      0.000      0.000      0.915      0.002      0.081      0.002      0.000      4.000
     5.500      2.667      3.000      2.500      0.732      0.000      0.003      0.000      0.000      0.265      0.000      0.000      1.000
     5.500      4.000      3.500      3.750      0.000      0.000      0.000      0.965      0.002      0.033      0.000      0.000      4.000
     6.500      3.667      3.250      3.500      0.000      0.000      0.000      0.554      0.000      0.445      0.000      0.000      4.000
     5.250      1.000      1.750      1.000      0.000      1.000      0.000      0.000      0.000      0.000      0.000      0.000      2.000
     7.000      3.333      4.000      2.750      0.000      0.000      0.009      0.134      0.000      0.855      0.001      0.000      6.000
     6.500      2.333      2.500      2.000      0.994      0.006      0.000      0.000      0.000      0.000      0.000      0.000      1.000
     7.000      3.000      3.000      3.500      0.001      0.000      0.000      0.067      0.000      0.931      0.001      0.000      6.000
     6.000      2.333      3.750      2.500      0.047      0.000      0.629      0.000      0.000      0.317      0.007      0.000      3.000
     4.750      2.667      2.000      2.000      0.930      0.070      0.000      0.000      0.000      0.000      0.000      0.000      1.000
     6.750      2.667      3.750      2.750      0.006      0.000      0.065      0.008      0.000      0.915      0.005      0.000      6.000
     6.250      3.667      4.000      3.000      0.000      0.000      0.001      0.595      0.001      0.400      0.002      0.000      4.000
     5.250      4.000      4.250      5.000      0.000      0.000      0.000      0.078      0.251      0.000      0.000      0.670      8.000
     6.500      5.000      4.000      4.500      0.000      0.000      0.000      0.109      0.002      0.000      0.000      0.889      8.000
     6.250      1.333      2.250      1.750      0.125      0.875      0.000      0.000      0.000      0.000      0.000      0.000      2.000
     7.000      4.000      3.250      3.500      0.000      0.000      0.000      0.769      0.000      0.231      0.000      0.000      4.000
     5.750      1.667      2.250      1.500      0.138      0.862      0.000      0.000      0.000      0.000      0.000      0.000      2.000
     6.250      2.667      4.000      1.500      0.081      0.000      0.893      0.000      0.000      0.026      0.000      0.000      3.000
     5.000      4.000      3.000      3.000      0.000      0.000      0.000      0.085      0.000      0.914      0.000      0.000      6.000
     6.000      4.000      3.750      2.750      0.000      0.000      0.000      0.296      0.000      0.703      0.000      0.000      6.000
     5.500      2.667      2.750      1.250      0.983      0.017      0.000      0.000      0.000      0.000      0.000      0.000      1.000
     4.750      2.333      3.000      1.750      0.992      0.006      0.001      0.000      0.000      0.001      0.000      0.000      1.000
     5.500      4.000      3.500      4.000      0.000      0.000      0.000      0.987      0.003      0.009      0.000      0.000      4.000
     6.750      4.333      4.250      4.500      0.000      0.000      0.000      0.199      0.025      0.000      0.000      0.776      8.000
     5.750      4.000      3.250      3.250      0.000      0.000      0.000      0.467      0.000      0.532      0.000      0.000      6.000
     6.250      3.667      3.500      2.000      0.036      0.000      0.004      0.001      0.000      0.959      0.000      0.000      6.000
     5.250      3.000      2.750      3.000      0.128      0.000      0.000      0.002      0.000      0.870      0.000      0.000      6.000
     5.750      2.333      2.000      2.000      0.873      0.126      0.000      0.000      0.000      0.000      0.000      0.000      1.000
     6.750      3.000      3.500      3.250      0.000      0.000      0.001      0.110      0.000      0.885      0.004      0.000      6.000
     5.750      2.667      4.000      2.500      0.002      0.000      0.712      0.002      0.000      0.273      0.011      0.000      3.000
     6.000      4.333      3.750      3.000      0.000      0.000      0.000      0.802      0.000      0.197      0.000      0.000      4.000
     6.000      2.667      4.000      3.750      0.000      0.000      0.002      0.283      0.015      0.072      0.628      0.000      7.000
     6.000      3.667      4.000      3.500      0.000      0.000      0.000      0.937      0.011      0.047      0.005      0.000      4.000
     7.000      3.667      4.000      3.750      0.000      0.000      0.000      0.978      0.007      0.013      0.001      0.001      4.000
     4.500      1.333      2.250      2.000      0.075      0.925      0.000      0.000      0.000      0.000      0.000      0.000      2.000
     6.000      4.000      3.250      3.250      0.000      0.000      0.000      0.469      0.000      0.531      0.000      0.000      6.000
     4.000      3.000      3.250      3.000      0.010      0.000      0.014      0.012      0.000      0.927      0.038      0.000      6.000
     5.500      4.000      4.000      3.750      0.000      0.000      0.000      0.966      0.027      0.005      0.001      0.001      4.000
     7.000      5.000      5.000      5.000      0.000      0.000      0.000      0.000      0.000      0.000      0.000      1.000      8.000
     5.250      4.000      4.000      3.250      0.000      0.000      0.000      0.922      0.010      0.066      0.002      0.000      4.000
     7.000      3.000      2.750      2.750      0.313      0.000      0.000      0.000      0.000      0.686      0.000      0.000      6.000
     5.750      3.000      3.500      3.500      0.000      0.000      0.001      0.289      0.001      0.654      0.055      0.000      6.000
     5.250      2.667      2.250      3.000      0.913      0.000      0.000      0.000      0.000      0.087      0.000      0.000      1.000
     7.000      2.333      2.500      2.250      0.997      0.001      0.000      0.000      0.000      0.002      0.000      0.000      1.000
     6.000      4.000      3.750      3.750      0.000      0.000      0.000      0.982      0.004      0.013      0.000      0.000      4.000
     7.000      3.000      3.500      2.250      0.111      0.000      0.012      0.001      0.000      0.877      0.000      0.000      6.000
     5.000      1.667      1.500      1.500      0.002      0.998      0.000      0.000      0.000      0.000      0.000      0.000      2.000
     7.000      2.000      3.750      2.500      0.129      0.000      0.610      0.000      0.000      0.258      0.003      0.000      3.000
     7.000      4.333      4.750      4.250      0.000      0.000      0.000      0.046      0.037      0.000      0.000      0.917      8.000
     7.000      3.000      3.500      3.000      0.001      0.000      0.001      0.033      0.000      0.964      0.001      0.000      6.000
     5.500      4.333      3.750      3.750      0.000      0.000      0.000      0.989      0.005      0.005      0.000      0.001      4.000
     6.500      2.333      3.000      2.000      0.994      0.001      0.000      0.000      0.000      0.005      0.000      0.000      1.000
     5.500      3.667      3.750      3.500      0.000      0.000      0.000      0.876      0.004      0.113      0.006      0.000      4.000
     6.500      2.333      2.250      1.750      0.946      0.054      0.000      0.000      0.000      0.000      0.000      0.000      1.000
     6.000      4.000      4.000      4.000      0.000      0.000      0.000      0.963      0.028      0.001      0.000      0.007      4.000
     5.500      4.000      3.750      3.250      0.000      0.000      0.000      0.845      0.002      0.152      0.001      0.000      4.000
     5.500      4.333      3.750      3.500      0.000      0.000      0.000      0.979      0.003      0.018      0.000      0.000      4.000
     6.250      3.667      3.250      3.750      0.000      0.000      0.000      0.818      0.000      0.181      0.001      0.000      4.000
     2.000      1.667      2.500      1.500      0.020      0.980      0.000      0.000      0.000      0.000      0.000      0.000      2.000
     6.250      3.000      3.000      3.000      0.028      0.000      0.000      0.005      0.000      0.967      0.000      0.000      6.000
     7.000      4.000      4.000      4.000      0.000      0.000      0.000      0.975      0.009      0.001      0.000      0.014      4.000
     6.000      3.667      3.250      3.000      0.000      0.000      0.000      0.084      0.000      0.916      0.000      0.000      6.000
     5.000      2.667      2.500      2.250      0.994      0.002      0.000      0.000      0.000      0.004      0.000      0.000      1.000
     5.250      3.333      2.500      2.250      0.927      0.000      0.000      0.000      0.000      0.073      0.000      0.000      1.000
     5.750      3.667      4.000      4.000      0.000      0.000      0.000      0.940      0.050      0.004      0.005      0.002      4.000
     4.000      1.667      1.500      1.000      0.000      1.000      0.000      0.000      0.000      0.000      0.000      0.000      2.000
     7.000      5.000      5.000      5.000      0.000      0.000      0.000      0.000      0.000      0.000      0.000      1.000      8.000
     7.000      4.333      3.750      3.750      0.000      0.000      0.000      0.992      0.001      0.005      0.000      0.002      4.000
     5.250      4.000      3.250      3.250      0.000      0.000      0.000      0.464      0.000      0.536      0.000      0.000      6.000
     5.250      3.667      4.000      4.500      0.000      0.000      0.000      0.738      0.236      0.000      0.007      0.019      4.000
     6.000      3.667      3.250      2.500      0.008      0.000      0.000      0.007      0.000      0.985      0.000      0.000      6.000
     6.000      3.000      4.000      4.250      0.000      0.000      0.000      0.741      0.101      0.005      0.152      0.001      4.000
     6.250      3.000      3.250      2.750      0.030      0.000      0.002      0.003      0.000      0.965      0.000      0.000      6.000
     5.250      4.000      3.750      3.000      0.000      0.000      0.000      0.600      0.001      0.398      0.001      0.000      4.000
     5.750      2.000      2.000      2.000      0.600      0.400      0.000      0.000      0.000      0.000      0.000      0.000      1.000
     6.500      3.333      4.000      3.500      0.000      0.000      0.000      0.864      0.008      0.114      0.014      0.000      4.000
     5.250      3.667      3.250      2.750      0.002      0.000      0.000      0.024      0.000      0.974      0.000      0.000      6.000
     4.750      1.667      1.750      1.500      0.005      0.995      0.000      0.000      0.000      0.000      0.000      0.000      2.000
     7.000      5.000      4.000      4.000      0.000      0.000      0.000      0.648      0.002      0.000      0.000      0.350      4.000
     6.250      4.667      4.250      3.500      0.000      0.000      0.000      0.967      0.013      0.001      0.000      0.018      4.000
     6.750      4.667      4.250      4.250      0.000      0.000      0.000      0.260      0.013      0.000      0.000      0.727      8.000
     5.500      3.333      3.000      3.250      0.002      0.000      0.000      0.047      0.000      0.950      0.001      0.000      6.000
     7.000      2.667      2.750      2.500      0.894      0.000      0.000      0.000      0.000      0.106      0.000      0.000      1.000
     5.500      3.667      4.000      4.000      0.000      0.000      0.000      0.923      0.064      0.004      0.008      0.001      4.000
     5.500      3.000      3.000      3.000      0.032      0.000      0.000      0.005      0.000      0.961      0.001      0.000      6.000
     6.000      3.000      2.750      2.500      0.712      0.000      0.000      0.000      0.000      0.287      0.000      0.000      1.000
     4.500      2.333      3.000      3.250      0.124      0.000      0.013      0.002      0.000      0.763      0.098      0.000      6.000
     6.250      3.333      3.750      3.000      0.000      0.000      0.002      0.181      0.000      0.812      0.004      0.000      6.000
     4.750      2.667      2.750      2.500      0.930      0.000      0.000      0.000      0.000      0.070      0.000      0.000      1.000
     5.500      4.000      4.750      3.750      0.000      0.000      0.000      0.355      0.611      0.000      0.002      0.032      5.000
     6.250      3.667      2.500      2.250      0.713      0.000      0.000      0.000      0.000      0.287      0.000      0.000      1.000
     5.000      3.000      3.000      3.000      0.036      0.000      0.001      0.005      0.000      0.957      0.002      0.000      6.000
     6.750      3.000      3.000      3.000      0.025      0.000      0.000      0.005      0.000      0.969      0.000      0.000      6.000
     5.750      3.667      3.750      3.750      0.000      0.000      0.000      0.956      0.007      0.034      0.004      0.000      4.000
     5.500      2.333      2.500      2.000      0.985      0.015      0.000      0.000      0.000      0.000      0.000      0.000      1.000
     7.000      4.000      4.000      3.000      0.000      0.000      0.000      0.800      0.001      0.200      0.000      0.000      4.000
     6.000      3.667      3.750      3.500      0.000      0.000      0.000      0.882      0.003      0.113      0.003      0.000      4.000
     5.250      2.000      3.000      2.000      0.990      0.007      0.002      0.000      0.000      0.001      0.000      0.000      1.000
     6.000      4.000      4.000      3.500      0.000      0.000      0.000      0.972      0.008      0.019      0.001      0.000      4.000
     5.750      4.000      3.250      3.500      0.000      0.000      0.000      0.763      0.000      0.237      0.000      0.000      4.000
     5.500      2.000      2.500      2.250      0.974      0.025      0.000      0.000      0.000      0.000      0.000      0.000      1.000
     7.000      5.000      4.750      5.000      0.000      0.000      0.000      0.000      0.000      0.000      0.000      1.000      8.000
     6.750      4.667      4.250      3.500      0.000      0.000      0.000      0.965      0.008      0.001      0.000      0.026      4.000
     4.500      4.000      4.250      3.750      0.000      0.000      0.000      0.739      0.249      0.002      0.008      0.002      4.000
     7.000      2.000      3.000      1.500      0.989      0.011      0.000      0.000      0.000      0.000      0.000      0.000      1.000
     6.000      3.667      3.500      2.250      0.009      0.000      0.002      0.005      0.000      0.984      0.000      0.000      6.000
     6.750      4.333      4.000      2.500      0.000      0.000      0.000      0.439      0.000      0.561      0.000      0.000      6.000
     4.500      2.000      2.000      1.500      0.066      0.934      0.000      0.000      0.000      0.000      0.000      0.000      2.000
     7.000      2.333      2.500      1.750      0.989      0.011      0.000      0.000      0.000      0.000      0.000      0.000      1.000
     4.500      2.000      3.000      2.000      0.982      0.014      0.004      0.000      0.000      0.001      0.000      0.000      1.000
     6.000      3.333      2.750      2.250      0.725      0.000      0.000      0.000      0.000      0.275      0.000      0.000      1.000
     7.000      5.000      4.750      4.750      0.000      0.000      0.000      0.000      0.000      0.000      0.000      0.999      8.000
     6.000      4.000      3.500      3.000      0.000      0.000      0.000      0.379      0.000      0.621      0.000      0.000      6.000
     7.000      3.000      3.000      2.250      0.684      0.000      0.000      0.000      0.000      0.316      0.000      0.000      1.000
     5.500      4.000      3.500      4.000      0.000      0.000      0.000      0.987      0.003      0.009      0.000      0.000      4.000
     5.250      2.333      2.250      2.000      0.939      0.061      0.000      0.000      0.000      0.000      0.000      0.000      1.000
     7.000      1.667      1.500      1.500      0.011      0.989      0.000      0.000      0.000      0.000      0.000      0.000      2.000
     6.250      3.667      4.250      3.750      0.000      0.000      0.000      0.929      0.060      0.005      0.004      0.002      4.000
     5.750      3.000      3.500      2.250      0.132      0.000      0.057      0.001      0.000      0.810      0.000      0.000      6.000
     4.750      3.667      3.500      3.500      0.000      0.000      0.000      0.739      0.002      0.247      0.012      0.000      4.000
     5.500      2.667      3.000      2.000      0.981      0.000      0.001      0.000      0.000      0.018      0.000      0.000      1.000
     4.500      1.000      1.500      1.250      0.000      1.000      0.000      0.000      0.000      0.000      0.000      0.000      2.000
     7.000      3.667      3.500      2.750      0.000      0.000      0.000      0.061      0.000      0.939      0.000      0.000      6.000
     5.500      3.667      4.000      4.250      0.000      0.000      0.000      0.873      0.113      0.001      0.006      0.006      4.000
     6.750      4.333      4.750      4.750      0.000      0.000      0.000      0.003      0.010      0.000      0.000      0.987      8.000
     7.000      3.667      3.750      4.000      0.000      0.000      0.000      0.986      0.003      0.009      0.000      0.001      4.000
     5.500      4.333      4.000      4.250      0.000      0.000      0.000      0.873      0.061      0.000      0.000      0.066      4.000
     5.500      3.667      3.250      2.750      0.002      0.000      0.000      0.024      0.000      0.974      0.000      0.000      6.000
     6.000      3.667      4.250      4.250      0.000      0.000      0.000      0.745      0.218      0.000      0.004      0.032      4.000
     6.000      3.667      1.500      1.500      0.978      0.021      0.000      0.000      0.000      0.000      0.000      0.000      1.000
     6.000      2.000      2.000      2.000      0.651      0.349      0.000      0.000      0.000      0.000      0.000      0.000      1.000
     7.000      3.667      3.250      3.750      0.000      0.000      0.000      0.822      0.000      0.178      0.000      0.000      4.000
     7.000      3.000      3.250      3.000      0.006      0.000      0.000      0.013      0.000      0.980      0.000      0.000      6.000
     5.250      1.667      2.000      1.250      0.011      0.989      0.000      0.000      0.000      0.000      0.000      0.000      2.000
     5.500      3.000      4.000      4.000      0.000      0.000      0.000      0.582      0.075      0.015      0.327      0.000      4.000
     5.500      3.333      3.750      3.000      0.000      0.000      0.007      0.176      0.000      0.804      0.014      0.000      6.000
     4.000      1.667      3.750      3.500      0.000      0.000      0.037      0.000      0.000      0.002      0.961      0.000      7.000
     6.000      2.333      2.750      1.750      0.992      0.007      0.000      0.000      0.000      0.000      0.000      0.000      1.000
     3.250      2.000      4.000      2.750      0.000      0.000      0.884      0.000      0.000      0.001      0.114      0.000      3.000
     4.750      3.667      4.000      4.000      0.000      0.000      0.000      0.834      0.135      0.003      0.026      0.001      4.000
     6.000      3.000      3.250      3.000      0.007      0.000      0.001      0.013      0.000      0.978      0.001      0.000      6.000
     6.000      4.000      4.000      4.000      0.000      0.000      0.000      0.963      0.028      0.001      0.000      0.007      4.000
     2.750      3.000      4.000      3.750      0.000      0.000      0.001      0.013      0.020      0.001      0.966      0.000      7.000
     7.000      5.000      4.000      4.000      0.000      0.000      0.000      0.648      0.002      0.000      0.000      0.350      4.000
     5.500      3.333      3.500      3.750      0.000      0.000      0.000      0.787      0.003      0.185      0.025      0.000      4.000
     6.250      4.000      3.750      3.500      0.000      0.000      0.000      0.952      0.002      0.046      0.000      0.000      4.000
     6.000      4.000      2.750      2.750      0.008      0.000      0.000      0.010      0.000      0.982      0.000      0.000      6.000
     5.250      2.333      4.250      3.250      0.000      0.000      0.178      0.006      0.001      0.021      0.795      0.000      7.000
     5.000      3.000      4.000      3.250      0.000      0.000      0.039      0.217      0.008      0.288      0.448      0.000      7.000
     6.000      4.667      4.750      4.250      0.000      0.000      0.000      0.029      0.052      0.000      0.000      0.919      8.000
     7.000      4.000      4.250      4.000      0.000      0.000      0.000      0.907      0.034      0.000      0.000      0.058      4.000
     4.500      3.333      3.500      3.000      0.001      0.000      0.007      0.075      0.000      0.897      0.021      0.000      6.000
     3.750      3.000      4.500      3.500      0.000      0.000      0.008      0.022      0.093      0.001      0.876      0.000      7.000
     5.250      2.333      2.250      2.250      0.976      0.024      0.000      0.000      0.000      0.000      0.000      0.000      1.000
     6.500      3.667      4.500      4.750      0.000      0.000      0.000      0.107      0.245      0.000      0.000      0.648      8.000
     5.750      2.667      3.250      2.000      0.914      0.000      0.012      0.000      0.000      0.073      0.000      0.000      1.000
     7.000      3.333      3.750      2.500      0.002      0.000      0.005      0.017      0.000      0.976      0.000      0.000      6.000
     5.000      3.333      4.000      3.750      0.000      0.000      0.000      0.759      0.068      0.028      0.145      0.000      4.000
     6.000      4.333      5.000      5.000      0.000      0.000      0.000      0.000      0.014      0.000      0.000      0.985      8.000
     4.000      3.000      2.750      2.000      0.985      0.001      0.000      0.000      0.000      0.013      0.000      0.000      1.000
     5.500      3.667      3.250      3.000      0.000      0.000      0.000      0.083      0.000      0.916      0.000      0.000      6.000
     6.000      4.000      4.750      5.000      0.000      0.000      0.000      0.003      0.069      0.000      0.000      0.928      8.000
     4.250      1.333      1.750      1.000      0.000      1.000      0.000      0.000      0.000      0.000      0.000      0.000      2.000
     6.000      4.000      4.000      4.000      0.000      0.000      0.000      0.963      0.028      0.001      0.000      0.007      4.000
     4.000      4.000      4.000      4.500      0.000      0.000      0.000      0.499      0.478      0.000      0.005      0.018      4.000
     5.000      3.333      2.750      3.500      0.002      0.000      0.000      0.066      0.000      0.931      0.001      0.000      6.000
     6.000      4.000      4.000      4.000      0.000      0.000      0.000      0.963      0.028      0.001      0.000      0.007      4.000
     4.000      3.667      5.000      3.750      0.000      0.000      0.000      0.019      0.963      0.000      0.017      0.001      5.000
     4.250      4.000      4.500      4.000      0.000      0.000      0.000      0.230      0.756      0.000      0.005      0.009      5.000
     6.000      3.667      3.000      3.000      0.002      0.000      0.000      0.035      0.000      0.963      0.000      0.000      6.000
     4.000      2.333      4.750      4.500      0.000      0.000      0.000      0.001      0.154      0.000      0.845      0.000      7.000
     6.000      4.000      3.750      3.750      0.000      0.000      0.000      0.982      0.004      0.013      0.000      0.000      4.000
     4.750      4.000      4.500      4.250      0.000      0.000      0.000      0.210      0.733      0.000      0.002      0.055      5.000
     6.000      4.667      5.000      5.000      0.000      0.000      0.000      0.000      0.003      0.000      0.000      0.997      8.000
     4.000      4.000      4.500      4.250      0.000      0.000      0.000      0.108      0.873      0.000      0.003      0.016      5.000
     4.500      2.667      1.750      2.500      0.956      0.044      0.000      0.000      0.000      0.000      0.000      0.000      1.000
     6.250      3.333      3.000      2.750      0.030      0.000      0.000      0.004      0.000      0.966      0.000      0.000      6.000
     5.750      3.667      3.250      3.250      0.000      0.000      0.000      0.250      0.000      0.750      0.001      0.000      6.000
     5.750      4.000      3.500      3.500      0.000      0.000      0.000      0.890      0.001      0.109      0.000      0.000      4.000
     4.500      3.667      2.750      3.500      0.000      0.000      0.000      0.155      0.000      0.843      0.001      0.000      6.000
     4.750      3.667      3.750      4.000      0.000      0.000      0.000      0.934      0.038      0.009      0.018      0.000      4.000
     5.250      4.000      3.500      3.000      0.000      0.000      0.000      0.374      0.000      0.626      0.000      0.000      6.000
     5.500      3.333      4.000      3.500      0.000      0.000      0.001      0.796      0.022      0.108      0.074      0.000      4.000
     4.500      4.000      4.250      4.250      0.000      0.000      0.000      0.450      0.524      0.000      0.004      0.022      5.000
     5.000      4.000      4.500      4.250      0.000      0.000      0.000      0.253      0.666      0.000      0.001      0.079      5.000
     5.000      3.333      3.500      3.750      0.000      0.000      0.000      0.758      0.004      0.181      0.056      0.000      4.000
     2.000      3.000      4.000      3.250      0.000      0.000      0.029      0.003      0.003      0.004      0.962      0.000      7.000
     6.750      4.333      3.250      4.500      0.000      0.000      0.000      0.989      0.001      0.001      0.000      0.010      4.000
     6.000      3.000      3.250      2.250      0.388      0.000      0.007      0.000      0.000      0.605      0.000      0.000      6.000
     5.500      2.667      3.750      2.000      0.125      0.000      0.710      0.000      0.000      0.164      0.000      0.000      3.000
     7.000      4.333      4.750      4.250      0.000      0.000      0.000      0.046      0.037      0.000      0.000      0.917      8.000
     6.500      4.000      4.500      4.000      0.000      0.000      0.000      0.684      0.179      0.000      0.000      0.136      4.000
     5.500      2.333      1.750      1.500      0.184      0.816      0.000      0.000      0.000      0.000      0.000      0.000      2.000
     5.500      4.000      3.750      4.000      0.000      0.000      0.000      0.982      0.013      0.004      0.001      0.001      4.000
     5.500      2.667      4.000      4.000      0.000      0.000      0.000      0.172      0.030      0.012      0.785      0.000      7.000
     6.000      3.667      4.500      4.000      0.000      0.000      0.000      0.597      0.373      0.000      0.006      0.025      4.000
     7.000      5.000      5.000      5.000      0.000      0.000      0.000      0.000      0.000      0.000      0.000      1.000      8.000
     4.000      2.667      4.250      2.500      0.000      0.000      0.964      0.000      0.000      0.008      0.028      0.000      3.000
     3.750      3.000      3.750      3.250      0.000      0.000      0.036      0.061      0.002      0.213      0.687      0.000      7.000
     5.250      2.333      4.000      2.750      0.001      0.000      0.839      0.001      0.000      0.082      0.078      0.000      3.000
     4.000      2.667      5.000      2.750      0.000      0.000      0.851      0.000      0.002      0.000      0.146      0.000      3.000
     4.250      1.667      1.250      1.500      0.000      1.000      0.000      0.000      0.000      0.000      0.000      0.000      2.000
     4.750      4.000      4.500      4.000      0.000      0.000      0.000      0.340      0.638      0.000      0.003      0.019      5.000
     4.000      3.667      4.500      4.250      0.000      0.000      0.000      0.081      0.894      0.000      0.021      0.004      5.000
     6.000      5.000      4.500      4.500      0.000      0.000      0.000      0.009      0.006      0.000      0.000      0.986      8.000
     5.500      3.667      4.750      3.750      0.000      0.000      0.000      0.293      0.687      0.000      0.012      0.008      5.000
     3.500      2.667      4.250      4.250      0.000      0.000      0.000      0.005      0.057      0.000      0.938      0.000      7.000
     4.750      4.667      3.500      4.000      0.000      0.000      0.000      0.993      0.004      0.001      0.000      0.002      4.000
     4.750      3.667      5.000      4.500      0.000      0.000      0.000      0.007      0.943      0.000      0.001      0.049      5.000
     2.750      3.000      4.000      4.250      0.000      0.000      0.000      0.016      0.084      0.000      0.900      0.000      7.000
     5.750      3.333      4.500      4.000      0.000      0.000      0.000      0.444      0.500      0.001      0.051      0.005      5.000
     4.000      2.667      4.000      2.750      0.000      0.000      0.769      0.001      0.000      0.064      0.166      0.000      3.000
     3.500      2.000      3.000      2.250      0.963      0.012      0.022      0.000      0.000      0.003      0.000      0.000      1.000
     5.000      2.333      2.000      2.500      0.962      0.038      0.000      0.000      0.000      0.000      0.000      0.000      1.000
     3.000      4.000      4.500      4.000      0.000      0.000      0.000      0.068      0.917      0.000      0.014      0.001      5.000
     5.500      4.000      4.000      4.000      0.000      0.000      0.000      0.945      0.048      0.001      0.001      0.005      4.000
     4.750      4.333      3.000      3.000      0.000      0.000      0.000      0.196      0.000      0.804      0.000      0.000      6.000
     5.000      4.667      5.000      4.750      0.000      0.000      0.000      0.001      0.049      0.000      0.000      0.951      8.000
     6.000      4.000      4.000      4.000      0.000      0.000      0.000      0.963      0.028      0.001      0.000      0.007      4.000
     4.000      2.333      4.000      3.000      0.000      0.000      0.480      0.001      0.000      0.020      0.500      0.000      7.000
     4.000      3.667      4.000      4.000      0.000      0.000      0.000      0.668      0.252      0.003      0.077      0.000      4.000
     6.750      4.333      5.000      5.000      0.000      0.000      0.000      0.000      0.004      0.000      0.000      0.996      8.000
     4.250      3.333      4.750      3.500      0.000      0.000      0.002      0.088      0.617      0.001      0.292      0.000      5.000
     6.000      4.000      4.000      3.500      0.000      0.000      0.000      0.972      0.008      0.019      0.001      0.000      4.000
     6.250      4.333      4.250      4.000      0.000      0.000      0.000      0.841      0.054      0.000      0.000      0.105      4.000
     4.000      3.667      4.750      4.000      0.000      0.000      0.000      0.040      0.939      0.000      0.019      0.002      5.000
     5.250      4.000      5.000      4.750      0.000      0.000      0.000      0.004      0.398      0.000      0.000      0.598      8.000
     6.000      4.667      5.000      4.500      0.000      0.000      0.000      0.001      0.020      0.000      0.000      0.979      8.000
     3.000      3.333      3.750      1.750      0.022      0.000      0.910      0.000      0.000      0.068      0.000      0.000      3.000
     3.250      2.667      3.000      1.750      0.986      0.005      0.007      0.000      0.000      0.003      0.000      0.000      1.000
     4.750      2.667      4.000      3.500      0.000      0.000      0.015      0.040      0.005      0.039      0.901      0.000      7.000
     5.500      4.000      4.500      4.500      0.000      0.000      0.000      0.170      0.473      0.000      0.000      0.356      5.000
     6.250      4.667      4.250      3.750      0.000      0.000      0.000      0.897      0.023      0.000      0.000      0.080      4.000
     3.750      3.000      3.500      3.250      0.000      0.000      0.020      0.058      0.001      0.512      0.409      0.000      6.000
     4.500      3.000      5.000      4.000      0.000      0.000      0.000      0.008      0.818      0.000      0.174      0.000      5.000
     6.000      3.667      3.500      3.750      0.000      0.000      0.000      0.917      0.001      0.081      0.001      0.000      4.000
     6.250      4.667      4.750      4.000      0.000      0.000      0.000      0.100      0.074      0.000      0.000      0.825      8.000
     4.000      3.333      3.750      4.000      0.000      0.000      0.000      0.575      0.075      0.015      0.335      0.000      4.000
     6.250      2.000      2.750      1.500      0.932      0.068      0.000      0.000      0.000      0.000      0.000      0.000      1.000
     3.500      2.333      5.000      2.750      0.000      0.000      0.878      0.000      0.000      0.000      0.122      0.000      3.000
     4.500      3.667      5.000      3.500      0.000      0.000      0.000      0.059      0.914      0.000      0.025      0.001      5.000
     4.000      3.333      3.500      4.000      0.000      0.000      0.000      0.683      0.022      0.046      0.248      0.000      4.000
     2.250      2.667      4.250      4.000      0.000      0.000      0.000      0.000      0.013      0.000      0.986      0.000      7.000
     3.000      3.333      5.000      3.500      0.000      0.000      0.001      0.006      0.705      0.000      0.287      0.000      5.000
     5.750      3.333      4.000      3.250      0.000      0.000      0.003      0.634      0.007      0.312      0.044      0.000      4.000
     4.000      3.667      4.000      4.000      0.000      0.000      0.000      0.668      0.252      0.003      0.077      0.000      4.000
     5.000      4.000      3.500      3.500      0.000      0.000      0.000      0.886      0.001      0.111      0.001      0.000      4.000
     5.250      4.333      5.000      4.750      0.000      0.000      0.000      0.002      0.127      0.000      0.000      0.871      8.000
     5.000      3.333      3.500      4.000      0.000      0.000      0.000      0.877      0.009      0.057      0.056      0.000      4.000
     5.250      3.667      4.500      4.000      0.000      0.000      0.000      0.398      0.579      0.000      0.013      0.010      5.000
     5.250      4.333      5.000      3.750      0.000      0.000      0.000      0.114      0.757      0.000      0.000      0.129      5.000
     4.000      4.000      5.000      4.500      0.000      0.000      0.000      0.004      0.940      0.000      0.000      0.056      5.000
     7.000      2.667      3.500      3.250      0.001      0.000      0.002      0.045      0.000      0.943      0.009      0.000      6.000
     5.500      3.667      4.000      2.750      0.000      0.000      0.012      0.279      0.001      0.703      0.005      0.000      6.000
     4.000      2.667      4.750      3.750      0.000      0.000      0.002      0.003      0.099      0.000      0.896      0.000      7.000
     5.250      3.667      3.000      3.500      0.000      0.000      0.000      0.322      0.000      0.677      0.001      0.000      6.000
     7.000      3.667      4.250      4.000      0.000      0.000      0.000      0.932      0.048      0.001      0.001      0.018      4.000
     4.000      4.667      5.000      5.000      0.000      0.000      0.000      0.000      0.114      0.000      0.000      0.885      8.000
     4.000      3.667      5.000      4.000      0.000      0.000      0.000      0.011      0.980      0.000      0.008      0.002      5.000
     5.000      4.000      4.000      4.000      0.000      0.000      0.000      0.911      0.082      0.001      0.002      0.003      4.000
     4.000      3.333      5.000      2.500      0.000      0.000      0.935      0.003      0.010      0.002      0.049      0.000      3.000
     2.000      2.333      5.000      4.000      0.000      0.000      0.000      0.000      0.028      0.000      0.971      0.000      7.000
     5.000      3.333      3.500      3.000      0.000      0.000      0.003      0.078      0.000      0.910      0.009      0.000      6.000
     4.750      3.000      3.750      3.000      0.000      0.000      0.074      0.059      0.000      0.731      0.136      0.000      6.000
     4.250      3.000      3.750      3.500      0.000      0.000      0.006      0.164      0.006      0.153      0.670      0.000      7.000
     5.250      3.667      5.000      4.500      0.000      0.000      0.000      0.011      0.874      0.000      0.001      0.115      5.000
     5.250      4.000      3.500      3.500      0.000      0.000      0.000      0.887      0.001      0.111      0.001      0.000      4.000
     5.500      4.000      3.000      3.000      0.000      0.000      0.000      0.086      0.000      0.913      0.000      0.000      6.000
     5.000      3.000      4.500      3.750      0.000      0.000      0.001      0.145      0.278      0.002      0.574      0.000      7.000
     4.500      3.000      3.500      3.250      0.000      0.000      0.011      0.086      0.000      0.738      0.164      0.000      6.000
     3.500      3.333      4.000      3.750      0.000      0.000      0.000      0.245      0.119      0.010      0.626      0.000      7.000
     5.750      4.333      4.500      4.500      0.000      0.000      0.000      0.091      0.141      0.000      0.000      0.768      8.000
     6.250      4.000      4.500      4.500      0.000      0.000      0.000      0.172      0.206      0.000      0.000      0.622      8.000
     5.500      3.000      5.000      3.750      0.000      0.000      0.000      0.045      0.765      0.000      0.190      0.000      5.000
     4.000      3.000      3.750      3.000      0.000      0.000      0.136      0.039      0.001      0.494      0.329      0.000      6.000
     4.250      3.667      5.000      4.000      0.000      0.000      0.000      0.014      0.976      0.000      0.007      0.003      5.000
     5.500      2.667      4.500      3.750      0.000      0.000      0.003      0.062      0.093      0.003      0.840      0.000      7.000
     5.500      3.333      3.250      2.750      0.008      0.000      0.001      0.009      0.000      0.981      0.000      0.000      6.000
     5.000      3.000      4.250      3.750      0.000      0.000      0.001      0.250      0.121      0.010      0.618      0.000      7.000
     6.750      4.000      4.000      4.000      0.000      0.000      0.000      0.975      0.012      0.001      0.000      0.012      4.000
     4.750      4.000      3.750      3.250      0.000      0.000      0.000      0.839      0.004      0.154      0.003      0.000      4.000
     5.000      3.000      3.750      3.250      0.000      0.000      0.019      0.174      0.002      0.582      0.224      0.000      6.000
     5.000      5.000      4.750      3.250      0.000      0.000      0.000      0.686      0.239      0.000      0.000      0.075      4.000
     7.000      4.333      3.500      4.500      0.000      0.000      0.000      0.948      0.001      0.000      0.000      0.050      4.000
     4.500      4.000      4.000      3.500      0.000      0.000      0.000      0.931      0.043      0.019      0.007      0.000      4.000
     6.250      4.333      5.000      4.750      0.000      0.000      0.000      0.001      0.022      0.000      0.000      0.977      8.000
     5.000      3.667      4.750      4.750      0.000      0.000      0.000      0.017      0.829      0.000      0.001      0.153      5.000
     7.000      3.333      3.750      4.000      0.000      0.000      0.000      0.969      0.004      0.024      0.003      0.000      4.000
     5.000      4.000      3.750      3.000      0.000      0.000      0.000      0.598      0.001      0.399      0.002      0.000      4.000
     6.000      3.667      3.750      3.000      0.000      0.000      0.001      0.368      0.000      0.630      0.001      0.000      6.000
     3.250      2.333      3.750      3.750      0.000      0.000      0.002      0.001      0.000      0.001      0.996      0.000      7.000
     4.750      3.667      5.000      4.000      0.000      0.000      0.000      0.024      0.963      0.000      0.005      0.008      5.000
     3.500      2.667      3.750      3.250      0.000      0.000      0.063      0.006      0.000      0.057      0.873      0.000      7.000
     4.500      2.667      4.750      3.500      0.000      0.000      0.017      0.006      0.063      0.000      0.913      0.000      7.000
     6.250      3.000      3.250      2.000      0.726      0.000      0.005      0.000      0.000      0.269      0.000      0.000      1.000
     4.750      4.000      3.750      4.000      0.000      0.000      0.000      0.964      0.029      0.004      0.002      0.001      4.000
     4.500      3.000      3.750      3.250      0.000      0.000      0.028      0.130      0.002      0.442      0.398      0.000      6.000
     6.000      5.000      4.750      4.750      0.000      0.000      0.000      0.000      0.002      0.000      0.000      0.998      8.000
     5.000      4.000      3.750      3.500      0.000      0.000      0.000      0.945      0.006      0.047      0.002      0.000      4.000
     5.000      4.000      4.250      4.000      0.000      0.000      0.000      0.726      0.259      0.000      0.003      0.011      4.000
     5.000      2.000      2.000      2.000      0.437      0.563      0.000      0.000      0.000      0.000      0.000      0.000      2.000
     6.000      2.000      2.500      2.000      0.957      0.043      0.000      0.000      0.000      0.000      0.000      0.000      1.000
     5.000      4.667      5.000      3.500      0.000      0.000      0.000      0.194      0.675      0.000      0.000      0.131      5.000
     3.500      3.333      3.000      3.500      0.000      0.000      0.000      0.137      0.000      0.800      0.062      0.000      6.000
     5.750      4.000      4.750      4.250      0.000      0.000      0.000      0.127      0.569      0.000      0.000      0.304      5.000
     6.500      3.667      4.500      4.000      0.000      0.000      0.000      0.704      0.251      0.000      0.003      0.042      4.000
     5.500      4.000      4.000      3.000      0.000      0.000      0.000      0.789      0.003      0.206      0.001      0.000      4.000
     4.000      2.333      2.750      3.250      0.407      0.000      0.004      0.001      0.000      0.547      0.041      0.000      6.000
     6.250      4.000      3.250      4.000      0.000      0.000      0.000      0.977      0.000      0.022      0.000      0.000      4.000
     5.000      3.667      3.250      3.500      0.000      0.000      0.000      0.542      0.000      0.454      0.004      0.000      4.000
     6.500      3.333      3.500      3.000      0.000      0.000      0.000      0.082      0.000      0.917      0.001      0.000      6.000
     4.250      4.000      4.000      4.500      0.000      0.000      0.000      0.564      0.408      0.000      0.004      0.024      4.000
     4.250      3.000      4.500      4.000      0.000      0.000      0.000      0.046      0.379      0.000      0.574      0.000      7.000
     4.500      2.667      2.750      2.250      0.983      0.001      0.000      0.000      0.000      0.016      0.000      0.000      1.000
     6.750      4.667      3.500      4.500      0.000      0.000      0.000      0.870      0.001      0.000      0.000      0.129      4.000
     4.000      2.333      4.000      3.250      0.000      0.000      0.117      0.001      0.000      0.011      0.871      0.000      7.000
     5.000      4.000      4.000      4.000      0.000      0.000      0.000      0.911      0.082      0.001      0.002      0.003      4.000
     4.250      3.333      3.750      3.500      0.000      0.000      0.002      0.529      0.015      0.187      0.267      0.000      4.000
     5.000      4.667      4.750      4.750      0.000      0.000      0.000      0.003      0.054      0.000      0.000      0.943      8.000
     6.000      2.333      3.500      2.250      0.568      0.000      0.220      0.000      0.000      0.211      0.000      0.000      1.000
     5.250      3.333      4.000      4.000      0.000      0.000      0.000      0.804      0.101      0.008      0.086      0.000      4.000
     5.500      3.333      4.750      4.000      0.000      0.000      0.000      0.138      0.817      0.000      0.039      0.005      5.000
     5.500      4.000      3.750      3.500      0.000      0.000      0.000      0.949      0.004      0.047      0.001      0.000      4.000
     5.750      2.000      4.750      3.750      0.000      0.000      0.009      0.001      0.009      0.000      0.981      0.000      7.000
     6.500      4.000      3.750      4.000      0.000      0.000      0.000      0.990      0.004      0.004      0.000      0.002      4.000
     5.500      3.333      3.500      4.250      0.000      0.000      0.000      0.950      0.011      0.017      0.022      0.000      4.000
     6.750      2.667      3.500      4.000      0.000      0.000      0.000      0.610      0.002      0.264      0.125      0.000      4.000
     7.000      4.333      4.750      4.500      0.000      0.000      0.000      0.011      0.016      0.000      0.000      0.974      8.000
     6.750      4.000      3.500      4.000      0.000      0.000      0.000      0.990      0.001      0.009      0.000      0.001      4.000
     4.000      2.333      5.000      4.000      0.000      0.000      0.000      0.000      0.089      0.000      0.910      0.000      7.000
     4.000      3.667      4.000      4.000      0.000      0.000      0.000      0.668      0.252      0.003      0.077      0.000      4.000
     4.500      4.000      3.750      4.000      0.000      0.000      0.000      0.954      0.038      0.004      0.004      0.001      4.000
     4.750      3.000      3.750      2.500      0.007      0.000      0.331      0.004      0.000      0.646      0.012      0.000      6.000
     6.000      2.667      2.750      2.250      0.978      0.000      0.000      0.000      0.000      0.021      0.000      0.000      1.000
     4.000      2.000      1.250      2.000      0.008      0.992      0.000      0.000      0.000      0.000      0.000      0.000      2.000
     4.750      3.667      4.750      3.750      0.000      0.000      0.000      0.151      0.824      0.000      0.022      0.002      5.000
     6.000      4.000      3.500      3.500      0.000      0.000      0.000      0.890      0.000      0.109      0.000      0.000      4.000
     4.000      3.333      4.000      3.750      0.000      0.000      0.000      0.418      0.116      0.016      0.450      0.000      7.000
     5.250      3.667      3.750      4.000      0.000      0.000      0.000      0.960      0.022      0.009      0.008      0.000      4.000
     5.500      4.000      3.000      3.500      0.000      0.000      0.000      0.558      0.000      0.442      0.000      0.000      4.000
     4.500      3.333      4.000      3.750      0.000      0.000      0.000      0.607      0.095      0.023      0.275      0.000      4.000
     5.500      4.000      4.000      3.250      0.000      0.000      0.000      0.925      0.007      0.066      0.002      0.000      4.000
     3.750      2.667      3.500      4.000      0.000      0.000      0.000      0.026      0.002      0.012      0.959      0.000      7.000
     4.250      4.000      4.750      3.750      0.000      0.000      0.000      0.123      0.867      0.000      0.005      0.005      5.000
     6.250      3.667      3.000      1.250      0.982      0.000      0.000      0.000      0.000      0.018      0.000      0.000      1.000
     5.500      3.667      4.500      4.000      0.000      0.000      0.000      0.465      0.511      0.000      0.010      0.013      5.000
     5.250      4.000      3.500      3.500      0.000      0.000      0.000      0.887      0.001      0.111      0.001      0.000      4.000
     5.500      4.000      3.500      3.500      0.000      0.000      0.000      0.889      0.001      0.110      0.000      0.000      4.000
     5.000      2.333      2.000      2.000      0.781      0.219      0.000      0.000      0.000      0.000      0.000      0.000      1.000
     4.250      4.333      4.250      4.750      0.000      0.000      0.000      0.127      0.496      0.000      0.000      0.376      5.000
     5.000      3.667      4.750      4.000      0.000      0.000      0.000      0.114      0.867      0.000      0.009      0.010      5.000
     5.250      4.000      3.750      2.750      0.000      0.000      0.001      0.291      0.000      0.707      0.001      0.000      6.000
     5.000      4.333      4.000      3.250      0.000      0.000      0.000      0.963      0.010      0.026      0.000      0.000      4.000
     4.000      4.000      4.750      4.250      0.000      0.000      0.000      0.030      0.949      0.000      0.001      0.020      5.000
     5.250      2.667      4.250      2.750      0.000      0.000      0.807      0.005      0.000      0.083      0.105      0.000      3.000
     7.000      2.667      4.750      4.000      0.000      0.000      0.000      0.226      0.457      0.001      0.314      0.002      5.000
     4.750      4.000      4.000      3.250      0.000      0.000      0.000      0.911      0.017      0.066      0.005      0.000      4.000
     4.250      3.333      3.000      3.500      0.000      0.000      0.000      0.146      0.000      0.835      0.018      0.000      6.000
     6.000      4.000      4.000      3.500      0.000      0.000      0.000      0.972      0.008      0.019      0.001      0.000      4.000
     4.750      2.000      4.750      2.000      0.000      0.000      1.000      0.000      0.000      0.000      0.000      0.000      3.000
     4.750      3.000      2.500      2.250      0.983      0.001      0.000      0.000      0.000      0.017      0.000      0.000      1.000
     6.750      4.333      4.500      2.750      0.000      0.000      0.000      0.942      0.006      0.051      0.000      0.000      4.000
     5.250      4.000      4.000      3.000      0.000      0.000      0.000      0.786      0.004      0.206      0.002      0.000      4.000
     4.750      2.333      3.000      2.750      0.739      0.000      0.015      0.000      0.000      0.244      0.002      0.000      1.000
     6.250      2.000      2.000      1.500      0.247      0.753      0.000      0.000      0.000      0.000      0.000      0.000      2.000
     6.750      4.000      3.750      4.000      0.000      0.000      0.000      0.991      0.003      0.003      0.000      0.003      4.000
     5.750      4.333      4.000      4.250      0.000      0.000      0.000      0.874      0.046      0.000      0.000      0.079      4.000
     7.000      4.000      4.000      4.000      0.000      0.000      0.000      0.975      0.009      0.001      0.000      0.014      4.000
     3.500      3.333      4.750      4.500      0.000      0.000      0.000      0.005      0.960      0.000      0.034      0.001      5.000
     5.250      4.000      3.750      4.000      0.000      0.000      0.000      0.978      0.017      0.004      0.001      0.001      4.000
     3.500      3.333      4.500      4.250      0.000      0.000      0.000      0.031      0.816      0.000      0.152      0.000      5.000
     5.000      4.000      5.000      4.500      0.000      0.000      0.000      0.009      0.720      0.000      0.000      0.271      5.000
     3.750      1.667      2.250      1.750      0.068      0.932      0.000      0.000      0.000      0.000      0.000      0.000      2.000
     4.250      2.000      2.000      2.000      0.286      0.714      0.000      0.000      0.000      0.000      0.000      0.000      2.000
     6.250      4.000      4.000      3.250      0.000      0.000      0.000      0.931      0.003      0.065      0.000      0.000      4.000
     5.750      4.000      4.000      3.250      0.000      0.000      0.000      0.928      0.006      0.066      0.001      0.000      4.000
     6.000      3.667      3.250      2.500      0.008      0.000      0.000      0.007      0.000      0.985      0.000      0.000      6.000
     6.250      2.667      4.000      3.500      0.000      0.000      0.013      0.274      0.006      0.252      0.455      0.000      7.000
     7.000      4.333      5.000      5.000      0.000      0.000      0.000      0.000      0.002      0.000      0.000      0.998      8.000
     4.000      2.000      2.000      2.000      0.243      0.757      0.000      0.000      0.000      0.000      0.000      0.000      2.000
     4.500      2.000      2.750      2.500      0.988      0.007      0.001      0.000      0.000      0.004      0.000      0.000      1.000
     7.000      4.333      4.000      2.750      0.000      0.000      0.000      0.742      0.000      0.257      0.000      0.000      4.000
     7.000      5.000      4.000      4.500      0.000      0.000      0.000      0.078      0.001      0.000      0.000      0.921      8.000
     5.500      4.000      3.750      3.250      0.000      0.000      0.000      0.845      0.002      0.152      0.001      0.000      4.000
     5.000      3.000      2.250      1.750      0.990      0.010      0.000      0.000      0.000      0.000      0.000      0.000      1.000
     4.500      4.000      3.500      3.750      0.000      0.000      0.000      0.959      0.005      0.033      0.003      0.000      4.000
     1.750      1.667      3.500      2.000      0.033      0.002      0.965      0.000      0.000      0.000      0.000      0.000      3.000
     5.750      4.667      4.000      3.250      0.000      0.000      0.000      0.986      0.003      0.010      0.000      0.001      4.000
     5.750      3.000      3.250      2.500      0.131      0.000      0.006      0.001      0.000      0.862      0.000      0.000      6.000
     4.750      3.000      4.250      3.750      0.000      0.000      0.001      0.182      0.117      0.007      0.693      0.000      7.000
     6.500      3.667      4.000      4.500      0.000      0.000      0.000      0.873      0.068      0.000      0.001      0.057      4.000
     5.000      3.000      3.250      2.750      0.038      0.000      0.008      0.003      0.000      0.948      0.002      0.000      6.000
     7.000      5.000      5.000      5.000      0.000      0.000      0.000      0.000      0.000      0.000      0.000      1.000      8.000
     5.500      3.333      4.500      4.500      0.000      0.000      0.000      0.155      0.796      0.000      0.021      0.029      5.000
     5.750      3.333      3.000      2.500      0.131      0.000      0.000      0.001      0.000      0.868      0.000      0.000      6.000
     4.000      4.667      5.000      4.750      0.000      0.000      0.000      0.001      0.245      0.000      0.000      0.754      8.000
     7.000      4.000      3.500      3.750      0.000      0.000      0.000      0.968      0.000      0.031      0.000      0.000      4.000
     6.250      2.000      2.500      2.500      0.994      0.005      0.000      0.000      0.000      0.001      0.000      0.000      1.000
     7.000      4.333      4.750      4.750      0.000      0.000      0.000      0.002      0.006      0.000      0.000      0.991      8.000
     4.250      4.000      4.500      4.750      0.000      0.000      0.000      0.038      0.810      0.000      0.001      0.151      5.000
     5.000      2.000      4.250      3.750      0.000      0.000      0.006      0.001      0.001      0.001      0.992      0.000      7.000
     6.000      4.667      4.000      4.250      0.000      0.000      0.000      0.717      0.021      0.000      0.000      0.261      4.000
     6.250      4.000      4.000      4.000      0.000      0.000      0.000      0.969      0.021      0.001      0.000      0.008      4.000
     4.500      2.333      4.000      2.750      0.000      0.000      0.864      0.000      0.000      0.031      0.105      0.000      3.000
     5.500      3.333      4.500      3.750      0.000      0.000      0.000      0.496      0.398      0.003      0.102      0.001      4.000
     5.750      3.667      3.750      3.500      0.000      0.000      0.000      0.879      0.003      0.113      0.004      0.000      4.000
     6.000      4.333      4.500      4.250      0.000      0.000      0.000      0.264      0.166      0.000      0.000      0.570      8.000
     7.000      3.333      4.000      4.000      0.000      0.000      0.000      0.967      0.017      0.009      0.005      0.001      4.000
     5.500      4.000      3.500      3.750      0.000      0.000      0.000      0.965      0.002      0.033      0.000      0.000      4.000
     6.500      4.333      5.000      5.000      0.000      0.000      0.000      0.000      0.006      0.000      0.000      0.994      8.000
     6.250      3.000      2.250      3.000      0.673      0.000      0.000      0.000      0.000      0.327      0.000      0.000      1.000
     4.750      3.667      4.500      4.250      0.000      0.000      0.000      0.170      0.805      0.000      0.012      0.013      5.000
     6.250      4.000      3.750      3.250      0.000      0.000      0.000      0.850      0.001      0.149      0.000      0.000      4.000
     5.750      3.333      3.500      3.250      0.000      0.000      0.000      0.240      0.000      0.753      0.007      0.000      6.000
     5.250      3.667      4.000      3.750      0.000      0.000      0.000      0.926      0.046      0.013      0.014      0.000      4.000
     4.750      3.667      4.500      3.500      0.000      0.000      0.000      0.539      0.398      0.004      0.058      0.000      4.000
     6.000      3.333      3.500      4.250      0.000      0.000      0.000      0.967      0.006      0.017      0.010      0.000      4.000
     7.000      4.000      3.500      3.000      0.000      0.000      0.000      0.386      0.000      0.614      0.000      0.000      6.000
     4.500      2.333      2.500      2.000      0.965      0.035      0.000      0.000      0.000      0.000      0.000      0.000      1.000
     5.750      4.000      3.750      3.750      0.000      0.000      0.000      0.981      0.005      0.013      0.000      0.000      4.000
     5.500      4.000      5.000      5.000      0.000      0.000      0.000      0.001      0.143      0.000      0.000      0.856      8.000
     5.000      2.333      3.000      2.250      0.978      0.001      0.004      0.000      0.000      0.017      0.000      0.000      1.000
     3.750      2.667      3.750      4.000      0.000      0.000      0.000      0.017      0.005      0.003      0.975      0.000      7.000
     6.500      4.000      4.000      4.000      0.000      0.000      0.000      0.973      0.016      0.001      0.000      0.010      4.000
     6.000      3.667      4.000      3.250      0.000      0.000      0.000      0.835      0.005      0.155      0.005      0.000      4.000
     6.000      3.667      4.000      3.750      0.000      0.000      0.000      0.962      0.021      0.013      0.004      0.000      4.000
     4.250      2.333      2.500      2.250      0.983      0.017      0.000      0.000      0.000      0.001      0.000      0.000      1.000
     4.750      3.333      3.750      4.000      0.000      0.000      0.000      0.806      0.045      0.021      0.128      0.000      4.000
     4.000      3.000      2.750      2.750      0.456      0.000      0.001      0.000      0.000      0.543      0.000      0.000      6.000
     5.750      3.667      2.750      3.000      0.007      0.000      0.000      0.014      0.000      0.979      0.000      0.000      6.000
     7.000      4.667      5.000      4.000      0.000      0.000      0.000      0.015      0.019      0.000      0.000      0.965      8.000
     7.000      5.000      4.750      4.000      0.000      0.000      0.000      0.020      0.005      0.000      0.000      0.975      8.000
     6.250      4.333      3.500      4.500      0.000      0.000      0.000      0.967      0.003      0.000      0.000      0.030      4.000
     5.750      1.667      2.000      2.000      0.245      0.755      0.000      0.000      0.000      0.000      0.000      0.000      2.000
     6.000      4.000      4.750      4.250      0.000      0.000      0.000      0.138      0.467      0.000      0.000      0.395      5.000
     7.000      5.000      4.250      3.500      0.000      0.000      0.000      0.897      0.004      0.000      0.000      0.099      4.000
     6.750      4.333      4.500      4.500      0.000      0.000      0.000      0.053      0.027      0.000      0.000      0.920      8.000
     5.500      1.667      4.000      3.000      0.000      0.000      0.774      0.000      0.000      0.011      0.214      0.000      3.000
     4.750      3.333      4.000      2.750      0.000      0.000      0.149      0.102      0.001      0.694      0.054      0.000      6.000
     6.000      1.333      1.250      1.000      0.000      1.000      0.000      0.000      0.000      0.000      0.000      0.000      2.000
     6.500      4.000      4.250      4.000      0.000      0.000      0.000      0.900      0.059      0.001      0.000      0.040      4.000
     5.500      3.333      3.750      4.000      0.000      0.000      0.000      0.915      0.022      0.023      0.040      0.000      4.000
     6.000      2.333      4.000      2.750      0.002      0.000      0.746      0.002      0.000      0.198      0.053      0.000      3.000
     5.500      4.000      3.750      3.750      0.000      0.000      0.000      0.979      0.007      0.013      0.001      0.000      4.000
     6.000      3.667      3.750      4.000      0.000      0.000      0.000      0.978      0.010      0.009      0.002      0.000      4.000
     6.000      4.000      5.000      4.750      0.000      0.000      0.000      0.003      0.142      0.000      0.000      0.855      8.000
     3.000      3.333      4.750      3.500      0.000      0.000      0.002      0.017      0.488      0.000      0.492      0.000      7.000
     4.500      3.000      2.500      2.250      0.983      0.001      0.000      0.000      0.000      0.016      0.000      0.000      1.000
     5.250      4.667      3.500      4.500      0.000      0.000      0.000      0.945      0.008      0.000      0.000      0.047      4.000
     5.000      3.667      4.000      3.750      0.000      0.000      0.000      0.906      0.060      0.013      0.021      0.000      4.000
     5.750      3.667      4.750      4.500      0.000      0.000      0.000      0.064      0.722      0.000      0.001      0.213      5.000
     4.250      2.333      3.750      3.500      0.000      0.000      0.019      0.004      0.000      0.023      0.954      0.000      7.000
     5.250      2.333      4.000      4.000      0.000      0.000      0.001      0.017      0.005      0.003      0.974      0.000      7.000
     4.750      2.333      5.000      2.250      0.000      0.000      0.998      0.000      0.000      0.000      0.002      0.000      3.000
     5.250      2.000      2.250      2.000      0.770      0.230      0.000      0.000      0.000      0.000      0.000      0.000      1.000
     5.250      3.667      3.750      3.250      0.000      0.000      0.000      0.669      0.002      0.319      0.009      0.000      4.000
     4.000      4.333      4.500      4.000      0.000      0.000      0.000      0.232      0.742      0.000      0.001      0.025      5.000
     6.250      3.667      4.250      3.250      0.000      0.000      0.000      0.911      0.017      0.066      0.005      0.000      4.000
     4.000      2.000      2.750      1.500      0.656      0.344      0.000      0.000      0.000      0.000      0.000      0.000      1.000
     4.250      3.000      3.750      3.500      0.000      0.000      0.006      0.164      0.006      0.153      0.670      0.000      7.000
     5.250      4.000      4.000      4.000      0.000      0.000      0.000      0.930      0.063      0.001      0.002      0.004      4.000
     4.000      2.667      3.500      3.250      0.001      0.000      0.047      0.016      0.000      0.360      0.577      0.000      7.000
     4.000      1.667      2.750      1.750      0.524      0.476      0.000      0.000      0.000      0.000      0.000      0.000      1.000
     6.250      3.667      5.000      4.250      0.000      0.000      0.000      0.052      0.711      0.000      0.001      0.236      5.000
     6.750      2.333      3.000      2.000      0.994      0.000      0.000      0.000      0.000      0.006      0.000      0.000      1.000
     6.000      4.333      3.250      3.750      0.000      0.000      0.000      0.969      0.000      0.031      0.000      0.000      4.000
     5.500      3.000      4.000      3.750      0.000      0.000      0.001      0.550      0.038      0.054      0.357      0.000      4.000
     5.750      3.667      4.250      3.750      0.000      0.000      0.000      0.885      0.100      0.005      0.009      0.001      4.000
     5.750      1.333      1.750      1.000      0.000      1.000      0.000      0.000      0.000      0.000      0.000      0.000      2.000
     5.250      3.333      2.750      3.250      0.008      0.000      0.000      0.019      0.000      0.973      0.000      0.000      6.000
     4.750      1.667      4.500      3.750      0.000      0.000      0.008      0.000      0.000      0.000      0.991      0.000      7.000
     5.000      3.333      2.500      3.500      0.008      0.000      0.000      0.027      0.000      0.965      0.000      0.000      6.000
     7.000      5.000      4.750      5.000      0.000      0.000      0.000      0.000      0.000      0.000      0.000      1.000      8.000
     5.500      3.667      4.000      4.000      0.000      0.000      0.000      0.923      0.064      0.004      0.008      0.001      4.000
     5.500      2.667      4.000      3.750      0.000      0.000      0.002      0.151      0.014      0.039      0.794      0.000      7.000
     7.000      3.667      4.000      3.250      0.000      0.000      0.000      0.845      0.002      0.152      0.001      0.000      4.000
     6.000      3.000      2.500      2.500      0.911      0.000      0.000      0.000      0.000      0.089      0.000      0.000      1.000
     6.750      3.000      2.000      1.750      0.992      0.007      0.000      0.000      0.000      0.000      0.000      0.000      1.000
     4.500      3.000      4.000      3.500      0.000      0.000      0.008      0.173      0.020      0.064      0.735      0.000      7.000
     2.750      2.667      2.500      2.000      0.964      0.035      0.000      0.000      0.000      0.001      0.000      0.000      1.000
     5.500      2.333      3.500      3.250      0.005      0.000      0.053      0.012      0.000      0.672      0.258      0.000      6.000
     4.000      1.667      3.750      3.250      0.000      0.000      0.217      0.000      0.000      0.004      0.779      0.000      7.000
     5.750      3.667      4.000      4.000      0.000      0.000      0.000      0.940      0.050      0.004      0.005      0.002      4.000
     7.000      3.000      4.000      3.500      0.000      0.000      0.001      0.711      0.005      0.243      0.040      0.000      4.000
     6.000      3.667      3.750      3.000      0.000      0.000      0.001      0.368      0.000      0.630      0.001      0.000      6.000
     3.750      3.667      3.500      4.250      0.000      0.000      0.000      0.888      0.052      0.006      0.053      0.000      4.000
     4.250      2.667      4.000      4.250      0.000      0.000      0.000      0.027      0.036      0.001      0.936      0.000      7.000
     4.500      3.667      4.250      4.000      0.000      0.000      0.000      0.517      0.441      0.001      0.040      0.002      4.000
     5.250      3.000      3.250      3.500      0.000      0.000      0.000      0.141      0.000      0.818      0.040      0.000      6.000
     3.750      5.000      3.000      3.750      0.000      0.000      0.000      0.987      0.000      0.012      0.000      0.000      4.000
     5.000      3.000      4.000      4.250      0.000      0.000      0.000      0.387      0.163      0.003      0.447      0.000      7.000
     6.750      3.333      4.000      3.750      0.000      0.000      0.000      0.946      0.012      0.034      0.009      0.000      4.000
     6.250      3.667      4.250      3.750      0.000      0.000      0.000      0.929      0.060      0.005      0.004      0.002      4.000
     3.000      1.667      2.250      1.750      0.036      0.964      0.000      0.000      0.000      0.000      0.000      0.000      2.000
     6.000      3.667      4.000      3.750      0.000      0.000      0.000      0.962      0.021      0.013      0.004      0.000      4.000
     5.750      4.333      3.500      3.750      0.000      0.000      0.000      0.986      0.001      0.013      0.000      0.000      4.000
     4.000      4.000      4.000      4.000      0.000      0.000      0.000      0.772      0.214      0.001      0.011      0.001      4.000
     4.750      3.667      3.750      3.750      0.000      0.000      0.000      0.925      0.020      0.033      0.021      0.000      4.000
     4.000      3.333      4.250      2.750      0.000      0.000      0.499      0.073      0.007      0.199      0.223      0.000      3.000
     5.250      4.000      4.000      3.500      0.000      0.000      0.000      0.960      0.019      0.019      0.002      0.000      4.000
     5.750      3.333      3.750      3.250      0.000      0.000      0.001      0.436      0.001      0.542      0.019      0.000      6.000
     4.000      5.000      4.500      5.000      0.000      0.000      0.000      0.002      0.034      0.000      0.000      0.964      8.000
     7.000      3.000      3.000      3.750      0.000      0.000      0.000      0.208      0.000      0.790      0.002      0.000      6.000
     4.500      3.000      4.750      4.250      0.000      0.000      0.000      0.017      0.789      0.000      0.193      0.000      5.000
     6.750      4.333      4.250      4.750      0.000      0.000      0.000      0.051      0.012      0.000      0.000      0.937      8.000
     3.250      2.000      3.500      4.000      0.000      0.000      0.000      0.000      0.000      0.001      0.999      0.000      7.000
     5.500      3.333      4.000      3.500      0.000      0.000      0.001      0.796      0.022      0.108      0.074      0.000      4.000
     5.000      3.333      3.750      3.500      0.000      0.000      0.001      0.668      0.008      0.231      0.092      0.000      4.000
     6.000      3.000      2.250      2.250      0.994      0.001      0.000      0.000      0.000      0.005      0.000      0.000      1.000
     5.250      4.667      4.250      4.250      0.000      0.000      0.000      0.452      0.122      0.000      0.000      0.425      4.000
     3.000      4.000      4.000      4.000      0.000      0.000      0.000      0.516      0.441      0.001      0.041      0.000      4.000
     6.500      4.000      4.000      4.000      0.000      0.000      0.000      0.973      0.016      0.001      0.000      0.010      4.000
     5.750      4.333      4.500      4.250      0.000      0.000      0.000      0.275      0.229      0.000      0.000      0.495      8.000
     5.500      4.000      4.500      3.500      0.000      0.000      0.000      0.803      0.188      0.002      0.003      0.004      4.000
     4.250      3.000      4.750      3.750      0.000      0.000      0.001      0.024      0.422      0.000      0.553      0.000      7.000
     4.750      3.333      3.500      3.750      0.000      0.000      0.000      0.734      0.006      0.177      0.084      0.000      4.000
     4.750      3.667      3.750      3.250      0.000      0.000      0.001      0.657      0.004      0.318      0.020      0.000      4.000
     6.750      4.667      5.000      4.750      0.000      0.000      0.000      0.000      0.002      0.000      0.000      0.998      8.000
     5.000      3.667      5.000      4.250      0.000      0.000      0.000      0.017      0.950      0.000      0.002      0.031      5.000
     5.750      2.667      4.000      3.750      0.000      0.000      0.002      0.210      0.015      0.054      0.719      0.000      7.000
     6.500      5.000      3.750      4.250      0.000      0.000      0.000      0.716      0.002      0.000      0.000      0.282      4.000
     4.750      3.000      3.250      3.750      0.000      0.000      0.000      0.314      0.001      0.503      0.182      0.000      6.000
     5.000      3.333      3.500      3.750      0.000      0.000      0.000      0.758      0.004      0.181      0.056      0.000      4.000
     4.750      3.667      4.750      5.000      0.000      0.000      0.000      0.006      0.768      0.000      0.000      0.225      5.000
     4.000      3.000      4.000      3.000      0.000      0.000      0.232      0.039      0.002      0.197      0.529      0.000      7.000
     4.250      2.667      2.250      3.000      0.927      0.001      0.000      0.000      0.000      0.072      0.000      0.000      1.000
     6.000      3.333      3.000      3.500      0.000      0.000      0.000      0.155      0.000      0.843      0.001      0.000      6.000
     6.000      4.000      3.500      3.500      0.000      0.000      0.000      0.890      0.000      0.109      0.000      0.000      4.000
     6.000      3.333      3.250      3.000      0.002      0.000      0.000      0.033      0.000      0.964      0.000      0.000      6.000
     5.750      3.667      3.750      4.000      0.000      0.000      0.000      0.974      0.013      0.009      0.003      0.000      4.000
     5.000      3.667      4.250      4.000      0.000      0.000      0.000      0.656      0.319      0.001      0.021      0.003      4.000
     7.000      3.000      5.000      3.750      0.000      0.000      0.000      0.221      0.701      0.001      0.070      0.007      5.000
     4.500      3.667      3.500      3.000      0.000      0.000      0.001      0.180      0.000      0.812      0.006      0.000      6.000
     6.750      2.667      2.750      2.000      0.994      0.000      0.000      0.000      0.000      0.006      0.000      0.000      1.000
     6.500      4.000      4.000      4.500      0.000      0.000      0.000      0.784      0.045      0.000      0.000      0.171      4.000
     6.250      4.333      3.750      4.250      0.000      0.000      0.000      0.964      0.007      0.000      0.000      0.028      4.000
     5.500      2.667      3.750      3.250      0.000      0.000      0.044      0.068      0.000      0.590      0.298      0.000      6.000
     6.000      4.333      4.000      3.500      0.000      0.000      0.000      0.986      0.006      0.007      0.000      0.001      4.000
     6.750      3.333      4.250      4.250      0.000      0.000      0.000      0.829      0.142      0.001      0.009      0.018      4.000
     5.250      3.000      3.250      3.000      0.008      0.000      0.003      0.013      0.000      0.972      0.005      0.000      6.000
     4.750      3.333      4.500      3.250      0.000      0.000      0.023      0.372      0.201      0.030      0.374      0.000      7.000
     5.500      3.667      3.500      3.500      0.000      0.000      0.000      0.750      0.001      0.245      0.003      0.000      4.000
     7.000      3.333      2.000      2.000      0.998      0.000      0.000      0.000      0.000      0.001      0.000      0.000      1.000
     4.500      3.000      4.000      3.750      0.000      0.000      0.001      0.200      0.043      0.020      0.735      0.000      7.000
     6.000      4.333      4.250      3.750      0.000      0.000      0.000      0.935      0.043      0.001      0.000      0.021      4.000
     7.000      3.333      2.500      2.500      0.668      0.000      0.000      0.000      0.000      0.332      0.000      0.000      1.000
     5.750      3.000      3.750      3.500      0.000      0.000      0.002      0.452      0.003      0.405      0.138      0.000      4.000
     6.000      3.000      4.000      3.750      0.000      0.000      0.000      0.709      0.028      0.068      0.194      0.000      4.000
     5.000      4.000      4.000      3.250      0.000      0.000      0.000      0.917      0.013      0.066      0.004      0.000      4.000
     5.250      3.667      3.500      4.000      0.000      0.000      0.000      0.966      0.006      0.024      0.005      0.000      4.000
     5.500      4.000      4.250      3.750      0.000      0.000      0.000      0.894      0.098      0.002      0.002      0.004      4.000
     5.000      3.667      3.750      3.250      0.000      0.000      0.000      0.664      0.003      0.319      0.013      0.000      4.000
     6.000      3.333      3.250      2.500      0.033      0.000      0.001      0.002      0.000      0.963      0.000      0.000      6.000
     3.250      2.000      1.750      2.250      0.113      0.887      0.000      0.000      0.000      0.000      0.000      0.000      2.000
     6.500      5.000      5.000      5.000      0.000      0.000      0.000      0.000      0.000      0.000      0.000      1.000      8.000
     4.250      4.000      4.000      3.500      0.000      0.000      0.000      0.915      0.055      0.018      0.011      0.000      4.000
     5.750      2.333      2.750      2.250      0.994      0.001      0.000      0.000      0.000      0.005      0.000      0.000      1.000
     6.000      3.333      3.750      2.500      0.002      0.000      0.020      0.016      0.000      0.961      0.001      0.000      6.000
     4.750      2.667      3.500      2.750      0.032      0.000      0.181      0.002      0.000      0.751      0.033      0.000      6.000
     5.000      4.333      4.000      4.000      0.000      0.000      0.000      0.927      0.061      0.001      0.000      0.010      4.000
     4.750      4.333      4.500      3.750      0.000      0.000      0.000      0.561      0.416      0.000      0.001      0.022      4.000
     4.500      3.333      4.000      4.000      0.000      0.000      0.000      0.590      0.173      0.006      0.231      0.000      4.000
     6.000      4.000      3.500      4.000      0.000      0.000      0.000      0.989      0.002      0.009      0.000      0.000      4.000
     4.000      3.333      4.000      3.000      0.000      0.000      0.097      0.197      0.008      0.372      0.326      0.000      6.000
     6.750      4.667      4.000      4.750      0.000      0.000      0.000      0.068      0.003      0.000      0.000      0.929      8.000
     5.000      2.667      2.750      3.000      0.391      0.000      0.001      0.000      0.000      0.607      0.001      0.000      6.000
     6.000      4.333      4.000      4.250      0.000      0.000      0.000      0.870      0.035      0.000      0.000      0.095      4.000
     4.500      3.667      3.750      2.750      0.000      0.000      0.013      0.130      0.000      0.849      0.008      0.000      6.000
     4.750      3.333      4.750      4.250      0.000      0.000      0.000      0.036      0.927      0.000      0.033      0.004      5.000
     4.000      2.667      4.000      4.000      0.000      0.000      0.000      0.016      0.015      0.001      0.968      0.000      7.000
     6.750      4.000      3.500      4.000      0.000      0.000      0.000      0.990      0.001      0.009      0.000      0.001      4.000
     7.000      5.000      4.500      4.750      0.000      0.000      0.000      0.001      0.000      0.000      0.000      0.999      8.000
     7.000      4.667      4.750      5.000      0.000      0.000      0.000      0.000      0.001      0.000      0.000      0.999      8.000
     6.750      3.667      3.250      3.000      0.000      0.000      0.000      0.085      0.000      0.914      0.000      0.000      6.000
     6.000      4.000      3.500      4.000      0.000      0.000      0.000      0.989      0.002      0.009      0.000      0.000      4.000
     4.000      3.333      5.000      4.750      0.000      0.000      0.000      0.001      0.987      0.000      0.005      0.007      5.000
     5.500      3.667      4.000      4.000      0.000      0.000      0.000      0.923      0.064      0.004      0.008      0.001      4.000
     5.500      4.000      3.750      3.750      0.000      0.000      0.000      0.979      0.007      0.013      0.001      0.000      4.000
     5.000      4.000      4.000      4.000      0.000      0.000      0.000      0.911      0.082      0.001      0.002      0.003      4.000
     4.750      4.667      4.250      3.750      0.000      0.000      0.000      0.856      0.118      0.000      0.000      0.026      4.000
     5.250      4.000      4.250      3.500      0.000      0.000      0.000      0.917      0.072      0.007      0.003      0.001      4.000
     5.500      2.000      2.250      3.000      0.990      0.005      0.000      0.000      0.000      0.006      0.000      0.000      1.000
     4.750      3.667      3.500      3.750      0.000      0.000      0.000      0.900      0.005      0.082      0.013      0.000      4.000
     4.000      3.000      4.500      3.750      0.000      0.000      0.001      0.034      0.202      0.001      0.763      0.000      7.000
     4.000      2.000      5.000      3.250      0.000      0.000      0.200      0.000      0.001      0.000      0.799      0.000      7.000
     5.500      3.000      3.250      2.750      0.035      0.000      0.004      0.003      0.000      0.957      0.001      0.000      6.000
