     6.500      2.000      2.250      2.000      0.993      0.000      0.000      0.007      0.000      1.000
     6.250      3.000      3.750      3.000      0.000      0.042      0.000      0.706      0.252      4.000
     5.750      3.667      3.500      3.750      0.000      0.003      0.001      0.011      0.985      5.000
     5.500      2.667      3.000      2.500      0.044      0.001      0.000      0.955      0.001      4.000
     5.500      4.000      3.500      3.750      0.000      0.001      0.002      0.003      0.994      5.000
     6.500      3.667      3.250      3.500      0.000      0.001      0.000      0.115      0.884      5.000
     5.250      1.000      1.750      1.000      1.000      0.000      0.000      0.000      0.000      1.000
     7.000      3.333      4.000      2.750      0.000      0.007      0.000      0.618      0.375      4.000
     6.500      2.333      2.500      2.000      0.899      0.000      0.000      0.101      0.000      1.000
     7.000      3.000      3.000      3.500      0.000      0.002      0.000      0.782      0.215      4.000
     6.000      2.333      3.750      2.500      0.005      0.036      0.000      0.957      0.003      4.000
     4.750      2.667      2.000      2.000      0.985      0.000      0.000      0.015      0.000      1.000
     6.750      2.667      3.750      2.750      0.000      0.015      0.000      0.959      0.025      4.000
     6.250      3.667      4.000      3.000      0.000      0.007      0.000      0.101      0.892      5.000
     5.250      4.000      4.250      5.000      0.000      0.000      0.850      0.000      0.150      3.000
     6.500      5.000      4.000      4.500      0.000      0.000      0.913      0.000      0.087      3.000
     6.250      1.333      2.250      1.750      1.000      0.000      0.000      0.000      0.000      1.000
     7.000      4.000      3.250      3.500      0.000      0.000      0.001      0.045      0.955      5.000
     5.750      1.667      2.250      1.500      1.000      0.000      0.000      0.000      0.000      1.000
     6.250      2.667      4.000      1.500      0.023      0.001      0.000      0.977      0.000      4.000
     5.000      4.000      3.000      3.000      0.000      0.001      0.000      0.503      0.496      4.000
     6.000      4.000      3.750      2.750      0.000      0.001      0.000      0.243      0.756      5.000
     5.500      2.667      2.750      1.250      0.972      0.000      0.000      0.028      0.000      1.000
     4.750      2.333      3.000      1.750      0.913      0.000      0.000      0.087      0.000      1.000
     5.500      4.000      3.500      4.000      0.000      0.001      0.006      0.001      0.993      5.000
     6.750      4.333      4.250      4.500      0.000      0.000      0.802      0.000      0.198      3.000
     5.750      4.000      3.250      3.250      0.000      0.001      0.000      0.115      0.885      5.000
     6.250      3.667      3.500      2.000      0.000      0.000      0.000      0.993      0.007      4.000
     5.250      3.000      2.750      3.000      0.004      0.002      0.000      0.982      0.012      4.000
     5.750      2.333      2.000      2.000      0.993      0.000      0.000      0.007      0.000      1.000
     6.750      3.000      3.500      3.250      0.000      0.013      0.000      0.667      0.320      4.000
     5.750      2.667      4.000      2.500      0.000      0.101      0.000      0.879      0.020      4.000
     6.000      4.333      3.750      3.000      0.000      0.000      0.001      0.026      0.973      5.000
     6.000      2.667      4.000      3.750      0.000      0.430      0.000      0.032      0.537      5.000
     6.000      3.667      4.000      3.500      0.000      0.006      0.002      0.007      0.985      5.000
     7.000      3.667      4.000      3.750      0.000      0.001      0.010      0.002      0.986      5.000
     4.500      1.333      2.250      2.000      1.000      0.000      0.000      0.000      0.000      1.000
     6.000      4.000      3.250      3.250      0.000      0.000      0.000      0.121      0.878      5.000
     4.000      3.000      3.250      3.000      0.001      0.172      0.000      0.750      0.077      4.000
     5.500      4.000      4.000      3.750      0.000      0.002      0.012      0.001      0.986      5.000
     7.000      5.000      5.000      5.000      0.000      0.000      1.000      0.000      0.000      3.000
     5.250      4.000      4.000      3.250      0.000      0.004      0.001      0.007      0.987      5.000
     7.000      3.000      2.750      2.750      0.003      0.000      0.000      0.995      0.002      4.000
     5.750      3.000      3.500      3.500      0.000      0.087      0.000      0.273      0.641      5.000
     5.250      2.667      2.250      3.000      0.152      0.000      0.000      0.847      0.001      4.000
     7.000      2.333      2.500      2.250      0.670      0.000      0.000      0.330      0.000      1.000
     6.000      4.000      3.750      3.750      0.000      0.001      0.006      0.002      0.992      5.000
     7.000      3.000      3.500      2.250      0.001      0.000      0.000      0.997      0.002      4.000
     5.000      1.667      1.500      1.500      1.000      0.000      0.000      0.000      0.000      1.000
     7.000      2.000      3.750      2.500      0.011      0.012      0.000      0.976      0.001      4.000
     7.000      4.333      4.750      4.250      0.000      0.000      0.903      0.000      0.097      3.000
     7.000      3.000      3.500      3.000      0.000      0.004      0.000      0.891      0.105      4.000
     5.500      4.333      3.750      3.750      0.000      0.000      0.013      0.000      0.986      5.000
     6.500      2.333      3.000      2.000      0.483      0.000      0.000      0.517      0.000      4.000
     5.500      3.667      3.750      3.500      0.000      0.009      0.001      0.016      0.975      5.000
     6.500      2.333      2.250      1.750      0.988      0.000      0.000      0.012      0.000      1.000
     6.000      4.000      4.000      4.000      0.000      0.001      0.044      0.000      0.955      5.000
     5.500      4.000      3.750      3.250      0.000      0.002      0.001      0.019      0.978      5.000
     5.500      4.333      3.750      3.500      0.000      0.000      0.004      0.002      0.994      5.000
     6.250      3.667      3.250      3.750      0.000      0.001      0.000      0.031      0.968      5.000
     2.000      1.667      2.500      1.500      1.000      0.000      0.000      0.000      0.000      1.000
     6.250      3.000      3.000      3.000      0.001      0.001      0.000      0.976      0.023      4.000
     7.000      4.000      4.000      4.000      0.000      0.000      0.075      0.000      0.924      5.000
     6.000      3.667      3.250      3.000      0.000      0.001      0.000      0.622      0.377      4.000
     5.000      2.667      2.500      2.250      0.656      0.000      0.000      0.344      0.000      1.000
     5.250      3.333      2.500      2.250      0.063      0.000      0.000      0.937      0.000      4.000
     5.750      3.667      4.000      4.000      0.000      0.005      0.015      0.000      0.980      5.000
     4.000      1.667      1.500      1.000      1.000      0.000      0.000      0.000      0.000      1.000
     7.000      5.000      5.000      5.000      0.000      0.000      1.000      0.000      0.000      3.000
     7.000      4.333      3.750      3.750      0.000      0.000      0.030      0.001      0.970      5.000
     5.250      4.000      3.250      3.250      0.000      0.001      0.000      0.102      0.896      5.000
     5.250      3.667      4.000      4.500      0.000      0.005      0.090      0.000      0.905      5.000
     6.000      3.667      3.250      2.500      0.000      0.000      0.000      0.959      0.040      4.000
     6.000      3.000      4.000      4.250      0.000      0.072      0.006      0.001      0.920      5.000
     6.250      3.000      3.250      2.750      0.001      0.002      0.000      0.983      0.015      4.000
     5.250      4.000      3.750      3.000      0.000      0.004      0.000      0.065      0.931      5.000
     5.750      2.000      2.000      2.000      0.999      0.000      0.000      0.001      0.000      1.000
     6.500      3.333      4.000      3.500      0.000      0.016      0.001      0.025      0.958      5.000
     5.250      3.667      3.250      2.750      0.000      0.002      0.000      0.836      0.161      4.000
     4.750      1.667      1.750      1.500      1.000      0.000      0.000      0.000      0.000      1.000
     7.000      5.000      4.000      4.000      0.000      0.000      0.614      0.000      0.386      3.000
     6.250      4.667      4.250      3.500      0.000      0.000      0.097      0.000      0.902      5.000
     6.750      4.667      4.250      4.250      0.000      0.000      0.787      0.000      0.213      3.000
     5.500      3.333      3.000      3.250      0.000      0.006      0.000      0.745      0.249      4.000
     7.000      2.667      2.750      2.500      0.043      0.000      0.000      0.956      0.000      4.000
     5.500      3.667      4.000      4.000      0.000      0.007      0.013      0.000      0.980      5.000
     5.500      3.000      3.000      3.000      0.001      0.005      0.000      0.967      0.027      4.000
     6.000      3.000      2.750      2.500      0.020      0.000      0.000      0.980      0.001      4.000
     4.500      2.333      3.000      3.250      0.014      0.193      0.000      0.783      0.011      4.000
     6.250      3.333      3.750      3.000      0.000      0.016      0.000      0.464      0.521      5.000
     4.750      2.667      2.750      2.500      0.198      0.001      0.000      0.800      0.000      4.000
     5.500      4.000      4.750      3.750      0.000      0.004      0.145      0.000      0.851      5.000
     6.250      3.667      2.500      2.250      0.006      0.000      0.000      0.993      0.001      4.000
     5.000      3.000      3.000      3.000      0.001      0.011      0.000      0.957      0.030      4.000
     6.750      3.000      3.000      3.000      0.000      0.001      0.000      0.979      0.020      4.000
     5.750      3.667      3.750      3.750      0.000      0.004      0.002      0.004      0.989      5.000
     5.500      2.333      2.500      2.000      0.950      0.000      0.000      0.050      0.000      1.000
     7.000      4.000      4.000      3.000      0.000      0.000      0.001      0.042      0.957      5.000
     6.000      3.667      3.750      3.500      0.000      0.004      0.001      0.018      0.977      5.000
     5.250      2.000      3.000      2.000      0.921      0.000      0.000      0.079      0.000      1.000
     6.000      4.000      4.000      3.500      0.000      0.001      0.005      0.002      0.991      5.000
     5.750      4.000      3.250      3.500      0.000      0.001      0.000      0.033      0.966      5.000
     5.500      2.000      2.500      2.250      0.968      0.000      0.000      0.032      0.000      1.000
     7.000      5.000      4.750      5.000      0.000      0.000      0.999      0.000      0.001      3.000
     6.750      4.667      4.250      3.500      0.000      0.000      0.125      0.000      0.875      5.000
     4.500      4.000      4.250      3.750      0.000      0.010      0.016      0.000      0.974      5.000
     7.000      2.000      3.000      1.500      0.966      0.000      0.000      0.034      0.000      1.000
     6.000      3.667      3.500      2.250      0.000      0.000      0.000      0.973      0.027      4.000
     6.750      4.333      4.000      2.500      0.000      0.000      0.000      0.159      0.841      5.000
     4.500      2.000      2.000      1.500      1.000      0.000      0.000      0.000      0.000      1.000
     7.000      2.333      2.500      1.750      0.948      0.000      0.000      0.052      0.000      1.000
     4.500      2.000      3.000      2.000      0.953      0.000      0.000      0.047      0.000      1.000
     6.000      3.333      2.750      2.250      0.012      0.000      0.000      0.987      0.001      4.000
     7.000      5.000      4.750      4.750      0.000      0.000      0.998      0.000      0.002      3.000
     6.000      4.000      3.500      3.000      0.000      0.001      0.000      0.174      0.825      5.000
     7.000      3.000      3.000      2.250      0.009      0.000      0.000      0.991      0.000      4.000
     5.500      4.000      3.500      4.000      0.000      0.001      0.006      0.001      0.993      5.000
     5.250      2.333      2.250      2.000      0.986      0.000      0.000      0.014      0.000      1.000
     7.000      1.667      1.500      1.500      1.000      0.000      0.000      0.000      0.000      1.000
     6.250      3.667      4.250      3.750      0.000      0.004      0.016      0.001      0.979      5.000
     5.750      3.000      3.500      2.250      0.002      0.002      0.000      0.993      0.003      4.000
     4.750      3.667      3.500      3.500      0.000      0.018      0.000      0.032      0.951      5.000
     5.500      2.667      3.000      2.000      0.291      0.000      0.000      0.709      0.000      4.000
     4.500      1.000      1.500      1.250      1.000      0.000      0.000      0.000      0.000      1.000
     7.000      3.667      3.500      2.750      0.000      0.000      0.000      0.764      0.235      4.000
     5.500      3.667      4.000      4.250      0.000      0.005      0.037      0.000      0.958      5.000
     6.750      4.333      4.750      4.750      0.000      0.000      0.986      0.000      0.014      3.000
     7.000      3.667      3.750      4.000      0.000      0.001      0.012      0.002      0.986      5.000
     5.500      4.333      4.000      4.250      0.000      0.000      0.218      0.000      0.782      5.000
     5.500      3.667      3.250      2.750      0.000      0.002      0.000      0.845      0.153      4.000
     6.000      3.667      4.250      4.250      0.000      0.003      0.110      0.000      0.887      5.000
     6.000      3.667      1.500      1.500      0.951      0.000      0.000      0.049      0.000      1.000
     6.000      2.000      2.000      2.000      0.998      0.000      0.000      0.002      0.000      1.000
     7.000      3.667      3.250      3.750      0.000      0.000      0.001      0.037      0.962      5.000
     7.000      3.000      3.250      3.000      0.000      0.001      0.000      0.953      0.045      4.000
     5.250      1.667      2.000      1.250      1.000      0.000      0.000      0.000      0.000      1.000
     5.500      3.000      4.000      4.000      0.000      0.180      0.001      0.004      0.815      5.000
     5.500      3.333      3.750      3.000      0.000      0.049      0.000      0.403      0.548      5.000
     4.000      1.667      3.750      3.500      0.000      0.995      0.000      0.004      0.000      2.000
     6.000      2.333      2.750      1.750      0.927      0.000      0.000      0.073      0.000      1.000
     3.250      2.000      4.000      2.750      0.000      0.987      0.000      0.013      0.000      2.000
     4.750      3.667      4.000      4.000      0.000      0.020      0.008      0.000      0.971      5.000
     6.000      3.000      3.250      3.000      0.000      0.007      0.000      0.936      0.057      4.000
     6.000      4.000      4.000      4.000      0.000      0.001      0.044      0.000      0.955      5.000
     2.750      3.000      4.000      3.750      0.000      0.944      0.000      0.000      0.056      2.000
     7.000      5.000      4.000      4.000      0.000      0.000      0.614      0.000      0.386      3.000
     5.500      3.333      3.500      3.750      0.000      0.024      0.000      0.032      0.944      5.000
     6.250      4.000      3.750      3.500      0.000      0.001      0.002      0.006      0.991      5.000
     6.000      4.000      2.750      2.750      0.000      0.000      0.000      0.925      0.075      4.000
     5.250      2.333      4.250      3.250      0.000      0.949      0.000      0.024      0.027      2.000
     5.000      3.000      4.000      3.250      0.000      0.481      0.000      0.092      0.427      2.000
     6.000      4.667      4.750      4.250      0.000      0.000      0.935      0.000      0.065      3.000
     7.000      4.000      4.250      4.000      0.000      0.000      0.166      0.000      0.834      5.000
     4.500      3.333      3.500      3.000      0.000      0.102      0.000      0.527      0.371      4.000
     3.750      3.000      4.500      3.500      0.000      0.914      0.000      0.001      0.085      2.000
     5.250      2.333      2.250      2.250      0.959      0.000      0.000      0.041      0.000      1.000
     6.500      3.667      4.500      4.750      0.000      0.000      0.777      0.000      0.223      3.000
     5.750      2.667      3.250      2.000      0.099      0.000      0.000      0.900      0.000      4.000
     7.000      3.333      3.750      2.500      0.000      0.001      0.000      0.939      0.060      4.000
     5.000      3.333      4.000      3.750      0.000      0.098      0.001      0.004      0.896      5.000
     6.000      4.333      5.000      5.000      0.000      0.000      0.997      0.000      0.003      3.000
     4.000      3.000      2.750      2.000      0.449      0.000      0.000      0.551      0.000      4.000
     5.500      3.667      3.250      3.000      0.000      0.003      0.000      0.590      0.406      4.000
     6.000      4.000      4.750      5.000      0.000      0.000      0.981      0.000      0.019      3.000
     4.250      1.333      1.750      1.000      1.000      0.000      0.000      0.000      0.000      1.000
     6.000      4.000      4.000      4.000      0.000      0.001      0.044      0.000      0.955      5.000
     4.000      4.000      4.000      4.500      0.000      0.005      0.116      0.000      0.879      5.000
     5.000      3.333      2.750      3.500      0.000      0.009      0.000      0.628      0.363      4.000
     6.000      4.000      4.000      4.000      0.000      0.001      0.044      0.000      0.955      5.000
     4.000      3.667      5.000      3.750      0.000      0.251      0.046      0.000      0.703      5.000
     4.250      4.000      4.500      4.000      0.000      0.014      0.092      0.000      0.894      5.000
     6.000      3.667      3.000      3.000      0.000      0.001      0.000      0.804      0.196      4.000
     4.000      2.333      4.750      4.500      0.000      0.990      0.000      0.000      0.010      2.000
     6.000      4.000      3.750      3.750      0.000      0.001      0.006      0.002      0.992      5.000
     4.750      4.000      4.500      4.250      0.000      0.004      0.285      0.000      0.711      5.000
     6.000      4.667      5.000      5.000      0.000      0.000      0.999      0.000      0.001      3.000
     4.000      4.000      4.500      4.250      0.000      0.013      0.206      0.000      0.781      5.000
     4.500      2.667      1.750      2.500      0.965      0.000      0.000      0.035      0.000      1.000
     6.250      3.333      3.000      2.750      0.000      0.000      0.000      0.981      0.019      4.000
     5.750      3.667      3.250      3.250      0.000      0.003      0.000      0.289      0.709      5.000
     5.750      4.000      3.500      3.500      0.000      0.001      0.001      0.013      0.985      5.000
     4.500      3.667      2.750      3.500      0.000      0.006      0.000      0.324      0.670      5.000
     4.750      3.667      3.750      4.000      0.000      0.014      0.003      0.001      0.981      5.000
     5.250      4.000      3.500      3.000      0.000      0.002      0.000      0.148      0.850      5.000
     5.500      3.333      4.000      3.500      0.000      0.065      0.001      0.019      0.916      5.000
     4.500      4.000      4.250      4.250      0.000      0.005      0.125      0.000      0.870      5.000
     5.000      4.000      4.500      4.250      0.000      0.003      0.315      0.000      0.682      5.000
     5.000      3.333      3.500      3.750      0.000      0.050      0.000      0.027      0.923      5.000
     2.000      3.000      4.000      3.250      0.000      0.988      0.000      0.001      0.011      2.000
     6.750      4.333      3.250      4.500      0.000      0.000      0.104      0.000      0.896      5.000
     6.000      3.000      3.250      2.250      0.006      0.000      0.000      0.992      0.001      4.000
     5.500      2.667      3.750      2.000      0.014      0.006      0.000      0.980      0.001      4.000
     7.000      4.333      4.750      4.250      0.000      0.000      0.903      0.000      0.097      3.000
     6.500      4.000      4.500      4.000      0.000      0.000      0.267      0.000      0.733      5.000
     5.500      2.333      1.750      1.500      1.000      0.000      0.000      0.000      0.000      1.000
     5.500      4.000      3.750      4.000      0.000      0.001      0.014      0.000      0.985      5.000
     5.500      2.667      4.000      4.000      0.000      0.550      0.000      0.006      0.443      2.000
     6.000      3.667      4.500      4.000      0.000      0.006      0.092      0.000      0.902      5.000
     7.000      5.000      5.000      5.000      0.000      0.000      1.000      0.000      0.000      3.000
     4.000      2.667      4.250      2.500      0.000      0.885      0.000      0.106      0.009      2.000
     3.750      3.000      3.750      3.250      0.000      0.781      0.000      0.061      0.158      2.000
     5.250      2.333      4.000      2.750      0.000      0.571      0.000      0.416      0.013      2.000
     4.000      2.667      5.000      2.750      0.000      0.994      0.000      0.001      0.005      2.000
     4.250      1.667      1.250      1.500      1.000      0.000      0.000      0.000      0.000      1.000
     4.750      4.000      4.500      4.000      0.000      0.007      0.119      0.000      0.875      5.000
     4.000      3.667      4.500      4.250      0.000      0.080      0.082      0.000      0.838      5.000
     6.000      5.000      4.500      4.500      0.000      0.000      0.979      0.000      0.021      3.000
     5.500      3.667      4.750      3.750      0.000      0.025      0.058      0.000      0.917      5.000
     3.500      2.667      4.250      4.250      0.000      0.961      0.000      0.000      0.038      2.000
     4.750      4.667      3.500      4.000      0.000      0.000      0.027      0.000      0.972      5.000
     4.750      3.667      5.000      4.500      0.000      0.013      0.713      0.000      0.274      3.000
     2.750      3.000      4.000      4.250      0.000      0.903      0.000      0.000      0.097      2.000
     5.750      3.333      4.500      4.000      0.000      0.051      0.030      0.000      0.919      5.000
     4.000      2.667      4.000      2.750      0.000      0.854      0.000      0.129      0.017      2.000
     3.500      2.000      3.000      2.250      0.933      0.003      0.000      0.064      0.000      1.000
     5.000      2.333      2.000      2.500      0.967      0.000      0.000      0.033      0.000      1.000
     3.000      4.000      4.500      4.000      0.000      0.087      0.044      0.000      0.869      5.000
     5.500      4.000      4.000      4.000      0.000      0.001      0.034      0.000      0.965      5.000
     4.750      4.333      3.000      3.000      0.000      0.000      0.000      0.232      0.768      5.000
     5.000      4.667      5.000      4.750      0.000      0.000      0.994      0.000      0.006      3.000
     6.000      4.000      4.000      4.000      0.000      0.001      0.044      0.000      0.955      5.000
     4.000      2.333      4.000      3.000      0.000      0.967      0.000      0.029      0.005      2.000
     4.000      3.667      4.000      4.000      0.000      0.059      0.005      0.000      0.935      5.000
     6.750      4.333      5.000      5.000      0.000      0.000      0.998      0.000      0.002      3.000
     4.250      3.333      4.750      3.500      0.000      0.566      0.002      0.000      0.432      2.000
     6.000      4.000      4.000      3.500      0.000      0.001      0.005      0.002      0.991      5.000
     6.250      4.333      4.250      4.000      0.000      0.000      0.259      0.000      0.741      5.000
     4.000      3.667      4.750      4.000      0.000      0.146      0.064      0.000      0.790      5.000
     5.250      4.000      5.000      4.750      0.000      0.000      0.965      0.000      0.035      3.000
     6.000      4.667      5.000      4.500      0.000      0.000      0.990      0.000      0.010      3.000
     3.000      3.333      3.750      1.750      0.011      0.048      0.000      0.938      0.003      4.000
     3.250      2.667      3.000      1.750      0.871      0.000      0.000      0.129      0.000      1.000
     4.750      2.667      4.000      3.500      0.000      0.853      0.000      0.021      0.126      2.000
     5.500      4.000      4.500      4.500      0.000      0.000      0.644      0.000      0.356      3.000
     6.250      4.667      4.250      3.750      0.000      0.000      0.242      0.000      0.758      5.000
     3.750      3.000      3.500      3.250      0.000      0.637      0.000      0.179      0.184      2.000
     4.500      3.000      5.000      4.000      0.000      0.795      0.007      0.000      0.198      2.000
     6.000      3.667      3.500      3.750      0.000      0.002      0.001      0.012      0.985      5.000
     6.250      4.667      4.750      4.000      0.000      0.000      0.848      0.000      0.152      3.000
     4.000      3.333      3.750      4.000      0.000      0.198      0.001      0.002      0.799      5.000
     6.250      2.000      2.750      1.500      0.993      0.000      0.000      0.007      0.000      1.000
     3.500      2.333      5.000      2.750      0.000      0.999      0.000      0.000      0.000      2.000
     4.500      3.667      5.000      3.500      0.000      0.183      0.024      0.000      0.794      5.000
     4.000      3.333      3.500      4.000      0.000      0.147      0.000      0.005      0.848      5.000
     2.250      2.667      4.250      4.000      0.000      0.995      0.000      0.000      0.005      2.000
     3.000      3.333      5.000      3.500      0.000      0.921      0.000      0.000      0.078      2.000
     5.750      3.333      4.000      3.250      0.000      0.058      0.000      0.072      0.870      5.000
     4.000      3.667      4.000      4.000      0.000      0.059      0.005      0.000      0.935      5.000
     5.000      4.000      3.500      3.500      0.000      0.002      0.001      0.011      0.986      5.000
     5.250      4.333      5.000      4.750      0.000      0.000      0.987      0.000      0.013      3.000
     5.000      3.333      3.500      4.000      0.000      0.038      0.001      0.007      0.954      5.000
     5.250      3.667      4.500      4.000      0.000      0.019      0.062      0.000      0.920      5.000
     5.250      4.333      5.000      3.750      0.000      0.001      0.492      0.000      0.508      5.000
     4.000      4.000      5.000      4.500      0.000      0.005      0.817      0.000      0.178      3.000
     7.000      2.667      3.500      3.250      0.000      0.020      0.000      0.857      0.123      4.000
     5.500      3.667      4.000      2.750      0.000      0.022      0.000      0.257      0.721      5.000
     4.000      2.667      4.750      3.750      0.000      0.978      0.000      0.000      0.022      2.000
     5.250      3.667      3.000      3.500      0.000      0.003      0.000      0.190      0.807      5.000
     7.000      3.667      4.250      4.000      0.000      0.001      0.069      0.000      0.930      5.000
     4.000      4.667      5.000      5.000      0.000      0.000      0.997      0.000      0.003      3.000
     4.000      3.667      5.000      4.000      0.000      0.181      0.134      0.000      0.685      5.000
     5.000      4.000      4.000      4.000      0.000      0.002      0.026      0.000      0.972      5.000
     4.000      3.333      5.000      2.500      0.000      0.892      0.000      0.008      0.100      2.000
     2.000      2.333      5.000      4.000      0.000      1.000      0.000      0.000      0.000      2.000
     5.000      3.333      3.500      3.000      0.000      0.048      0.000      0.588      0.364      4.000
     4.750      3.000      3.750      3.000      0.000      0.345      0.000      0.430      0.225      4.000
     4.250      3.000      3.750      3.500      0.000      0.612      0.000      0.040      0.348      2.000
     5.250      3.667      5.000      4.500      0.000      0.005      0.771      0.000      0.224      3.000
     5.250      4.000      3.500      3.500      0.000      0.002      0.001      0.012      0.986      5.000
     5.500      4.000      3.000      3.000      0.000      0.000      0.000      0.535      0.465      4.000
     5.000      3.000      4.500      3.750      0.000      0.558      0.001      0.001      0.440      2.000
     4.500      3.000      3.500      3.250      0.000      0.345      0.000      0.354      0.301      4.000
     3.500      3.333      4.000      3.750      0.000      0.499      0.000      0.002      0.499      5.000
     5.750      4.333      4.500      4.500      0.000      0.000      0.849      0.000      0.151      3.000
     6.250      4.000      4.500      4.500      0.000      0.000      0.734      0.000      0.266      3.000
     5.500      3.000      5.000      3.750      0.000      0.549      0.009      0.000      0.441      2.000
     4.000      3.000      3.750      3.000      0.000      0.642      0.000      0.219      0.139      2.000
     4.250      3.667      5.000      4.000      0.000      0.130      0.160      0.000      0.710      5.000
     5.500      2.667      4.500      3.750      0.000      0.772      0.000      0.002      0.225      2.000
     5.500      3.333      3.250      2.750      0.000      0.003      0.000      0.942      0.054      4.000
     5.000      3.000      4.250      3.750      0.000      0.468      0.001      0.003      0.528      5.000
     6.750      4.000      4.000      4.000      0.000      0.000      0.066      0.000      0.933      5.000
     4.750      4.000      3.750      3.250      0.000      0.006      0.000      0.016      0.978      5.000
     5.000      3.000      3.750      3.250      0.000      0.339      0.000      0.231      0.431      5.000
     5.000      5.000      4.750      3.250      0.000      0.000      0.223      0.000      0.777      5.000
     7.000      4.333      3.500      4.500      0.000      0.000      0.245      0.000      0.755      5.000
     4.500      4.000      4.000      3.500      0.000      0.010      0.002      0.002      0.987      5.000
     6.250      4.333      5.000      4.750      0.000      0.000      0.992      0.000      0.008      3.000
     5.000      3.667      4.750      4.750      0.000      0.004      0.782      0.000      0.214      3.000
     7.000      3.333      3.750      4.000      0.000      0.003      0.005      0.005      0.987      5.000
     5.000      4.000      3.750      3.000      0.000      0.006      0.000      0.061      0.933      5.000
     6.000      3.667      3.750      3.000      0.000      0.006      0.000      0.209      0.785      5.000
     3.250      2.333      3.750      3.750      0.000      0.993      0.000      0.001      0.005      2.000
     4.750      3.667      5.000      4.000      0.000      0.063      0.215      0.000      0.722      5.000
     3.500      2.667      3.750      3.250      0.000      0.949      0.000      0.027      0.024      2.000
     4.500      2.667      4.750      3.500      0.000      0.966      0.000      0.000      0.034      2.000
     6.250      3.000      3.250      2.000      0.015      0.000      0.000      0.984      0.000      4.000
     4.750      4.000      3.750      4.000      0.000      0.003      0.009      0.000      0.988      5.000
     4.500      3.000      3.750      3.250      0.000      0.527      0.000      0.152      0.321      2.000
     6.000      5.000      4.750      4.750      0.000      0.000      0.997      0.000      0.003      3.000
     5.000      4.000      3.750      3.500      0.000      0.003      0.001      0.004      0.991      5.000
     5.000      4.000      4.250      4.000      0.000      0.003      0.060      0.000      0.936      5.000
     5.000      2.000      2.000      2.000      0.999      0.000      0.000      0.001      0.000      1.000
     6.000      2.000      2.500      2.000      0.984      0.000      0.000      0.016      0.000      1.000
     5.000      4.667      5.000      3.500      0.000      0.000      0.434      0.000      0.566      5.000
     3.500      3.333      3.000      3.500      0.000      0.179      0.000      0.264      0.557      5.000
     5.750      4.000      4.750      4.250      0.000      0.001      0.631      0.000      0.368      3.000
     6.500      3.667      4.500      4.000      0.000      0.003      0.119      0.000      0.878      5.000
     5.500      4.000      4.000      3.000      0.000      0.004      0.000      0.029      0.967      5.000
     4.000      2.333      2.750      3.250      0.063      0.131      0.000      0.801      0.005      4.000
     6.250      4.000      3.250      4.000      0.000      0.000      0.004      0.003      0.993      5.000
     5.000      3.667      3.250      3.500      0.000      0.008      0.000      0.081      0.911      5.000
     6.500      3.333      3.500      3.000      0.000      0.004      0.000      0.700      0.296      4.000
     4.250      4.000      4.000      4.500      0.000      0.004      0.131      0.000      0.865      5.000
     4.250      3.000      4.500      4.000      0.000      0.738      0.001      0.000      0.260      2.000
     4.500      2.667      2.750      2.250      0.473      0.000      0.000      0.526      0.000      4.000
     6.750      4.667      3.500      4.500      0.000      0.000      0.432      0.000      0.568      5.000
     4.000      2.333      4.000      3.250      0.000      0.983      0.000      0.010      0.006      2.000
     5.000      4.000      4.000      4.000      0.000      0.002      0.026      0.000      0.972      5.000
     4.250      3.333      3.750      3.500      0.000      0.231      0.000      0.027      0.741      5.000
     5.000      4.667      4.750      4.750      0.000      0.000      0.986      0.000      0.014      3.000
     6.000      2.333      3.500      2.250      0.045      0.004      0.000      0.951      0.000      4.000
     5.250      3.333      4.000      4.000      0.000      0.053      0.004      0.001      0.942      5.000
     5.500      3.333      4.750      4.000      0.000      0.097      0.059      0.000      0.844      5.000
     5.500      4.000      3.750      3.500      0.000      0.002      0.002      0.005      0.992      5.000
     5.750      2.000      4.750      3.750      0.000      0.990      0.000      0.000      0.009      2.000
     6.500      4.000      3.750      4.000      0.000      0.000      0.025      0.000      0.975      5.000
     5.500      3.333      3.500      4.250      0.000      0.014      0.002      0.002      0.981      5.000
     6.750      2.667      3.500      4.000      0.000      0.079      0.000      0.098      0.822      5.000
     7.000      4.333      4.750      4.500      0.000      0.000      0.965      0.000      0.035      3.000
     6.750      4.000      3.500      4.000      0.000      0.000      0.012      0.001      0.987      5.000
     4.000      2.333      5.000      4.000      0.000      0.996      0.000      0.000      0.004      2.000
     4.000      3.667      4.000      4.000      0.000      0.059      0.005      0.000      0.935      5.000
     4.500      4.000      3.750      4.000      0.000      0.004      0.008      0.000      0.988      5.000
     4.750      3.000      3.750      2.500      0.000      0.089      0.000      0.879      0.032      4.000
     6.000      2.667      2.750      2.250      0.225      0.000      0.000      0.775      0.000      4.000
     4.000      2.000      1.250      2.000      1.000      0.000      0.000      0.000      0.000      1.000
     4.750      3.667      4.750      3.750      0.000      0.073      0.037      0.000      0.890      5.000
     6.000      4.000      3.500      3.500      0.000      0.001      0.001      0.014      0.984      5.000
     4.000      3.333      4.000      3.750      0.000      0.323      0.000      0.002      0.674      5.000
     5.250      3.667      3.750      4.000      0.000      0.007      0.005      0.001      0.987      5.000
     5.500      4.000      3.000      3.500      0.000      0.000      0.000      0.074      0.926      5.000
     4.500      3.333      4.000      3.750      0.000      0.186      0.001      0.003      0.810      5.000
     5.500      4.000      4.000      3.250      0.000      0.003      0.001      0.008      0.988      5.000
     3.750      2.667      3.500      4.000      0.000      0.883      0.000      0.006      0.111      2.000
     4.250      4.000      4.750      3.750      0.000      0.027      0.076      0.000      0.897      5.000
     6.250      3.667      3.000      1.250      0.053      0.000      0.000      0.947      0.000      4.000
     5.500      3.667      4.500      4.000      0.000      0.013      0.071      0.000      0.916      5.000
     5.250      4.000      3.500      3.500      0.000      0.002      0.001      0.012      0.986      5.000
     5.500      4.000      3.500      3.500      0.000      0.001      0.001      0.013      0.986      5.000
     5.000      2.333      2.000      2.000      0.996      0.000      0.000      0.004      0.000      1.000
     4.250      4.333      4.250      4.750      0.000      0.000      0.745      0.000      0.254      3.000
     5.000      3.667      4.750      4.000      0.000      0.036      0.119      0.000      0.845      5.000
     5.250      4.000      3.750      2.750      0.000      0.004      0.000      0.209      0.787      5.000
     5.000      4.333      4.000      3.250      0.000      0.001      0.003      0.002      0.994      5.000
     4.000      4.000      4.750      4.250      0.000      0.015      0.384      0.000      0.601      5.000
     5.250      2.667      4.250      2.750      0.000      0.688      0.000      0.252      0.060      2.000
     7.000      2.667      4.750      4.000      0.000      0.281      0.016      0.001      0.702      5.000
     4.750      4.000      4.000      3.250      0.000      0.009      0.001      0.006      0.984      5.000
     4.250      3.333      3.000      3.500      0.000      0.063      0.000      0.341      0.596      5.000
     6.000      4.000      4.000      3.500      0.000      0.001      0.005      0.002      0.991      5.000
     4.750      2.000      4.750      2.000      0.000      0.921      0.000      0.078      0.000      2.000
     4.750      3.000      2.500      2.250      0.322      0.000      0.000      0.678      0.000      4.000
     6.750      4.333      4.500      2.750      0.000      0.000      0.005      0.008      0.987      5.000
     5.250      4.000      4.000      3.000      0.000      0.006      0.000      0.027      0.967      5.000
     4.750      2.333      3.000      2.750      0.112      0.017      0.000      0.869      0.001      4.000
     6.250      2.000      2.000      1.500      1.000      0.000      0.000      0.000      0.000      1.000
     6.750      4.000      3.750      4.000      0.000      0.000      0.028      0.000      0.971      5.000
     5.750      4.333      4.000      4.250      0.000      0.000      0.243      0.000      0.757      5.000
     7.000      4.000      4.000      4.000      0.000      0.000      0.075      0.000      0.924      5.000
     3.500      3.333      4.750      4.500      0.000      0.500      0.082      0.000      0.418      2.000
     5.250      4.000      3.750      4.000      0.000      0.001      0.012      0.000      0.986      5.000
     3.500      3.333      4.500      4.250      0.000      0.523      0.013      0.000      0.464      2.000
     5.000      4.000      5.000      4.500      0.000      0.001      0.889      0.000      0.110      3.000
     3.750      1.667      2.250      1.750      1.000      0.000      0.000      0.000      0.000      1.000
     4.250      2.000      2.000      2.000      1.000      0.000      0.000      0.000      0.000      1.000
     6.250      4.000      4.000      3.250      0.000      0.001      0.002      0.009      0.988      5.000
     5.750      4.000      4.000      3.250      0.000      0.002      0.002      0.008      0.988      5.000
     6.000      3.667      3.250      2.500      0.000      0.000      0.000      0.959      0.040      4.000
     6.250      2.667      4.000      3.500      0.000      0.375      0.000      0.123      0.502      5.000
     7.000      4.333      5.000      5.000      0.000      0.000      0.998      0.000      0.002      3.000
     4.000      2.000      2.000      2.000      1.000      0.000      0.000      0.000      0.000      1.000
     4.500      2.000      2.750      2.500      0.875      0.001      0.000      0.125      0.000      1.000
     7.000      4.333      4.000      2.750      0.000      0.000      0.001      0.050      0.949      5.000
     7.000      5.000      4.000      4.500      0.000      0.000      0.933      0.000      0.067      3.000
     5.500      4.000      3.750      3.250      0.000      0.002      0.001      0.019      0.978      5.000
     5.000      3.000      2.250      1.750      0.916      0.000      0.000      0.084      0.000      1.000
     4.500      4.000      3.500      3.750      0.000      0.004      0.001      0.003      0.993      5.000
     1.750      1.667      3.500      2.000      0.917      0.072      0.000      0.011      0.000      1.000
     5.750      4.667      4.000      3.250      0.000      0.000      0.011      0.001      0.988      5.000
     5.750      3.000      3.250      2.500      0.003      0.001      0.000      0.992      0.004      4.000
     4.750      3.000      4.250      3.750      0.000      0.560      0.000      0.002      0.437      2.000
     6.500      3.667      4.000      4.500      0.000      0.001      0.167      0.000      0.833      5.000
     5.000      3.000      3.250      2.750      0.001      0.014      0.000      0.965      0.020      4.000
     7.000      5.000      5.000      5.000      0.000      0.000      1.000      0.000      0.000      3.000
     5.500      3.333      4.500      4.500      0.000      0.034      0.193      0.000      0.773      5.000
     5.750      3.333      3.000      2.500      0.002      0.000      0.000      0.993      0.006      4.000
     4.000      4.667      5.000      4.750      0.000      0.000      0.990      0.000      0.010      3.000
     7.000      4.000      3.500      3.750      0.000      0.000      0.005      0.005      0.990      5.000
     6.250      2.000      2.500      2.500      0.852      0.000      0.000      0.148      0.000      1.000
     7.000      4.333      4.750      4.750      0.000      0.000      0.988      0.000      0.012      3.000
     4.250      4.000      4.500      4.750      0.000      0.002      0.724      0.000      0.274      3.000
     5.000      2.000      4.250      3.750      0.000      0.993      0.000      0.001      0.006      2.000
     6.000      4.667      4.000      4.250      0.000      0.000      0.499      0.000      0.501      5.000
     6.250      4.000      4.000      4.000      0.000      0.000      0.051      0.000      0.949      5.000
     4.500      2.333      4.000      2.750      0.000      0.828      0.000      0.165      0.006      2.000
     5.500      3.333      4.500      3.750      0.000      0.096      0.009      0.001      0.894      5.000
     5.750      3.667      3.750      3.500      0.000      0.006      0.001      0.017      0.977      5.000
     6.000      4.333      4.500      4.250      0.000      0.000      0.686      0.000      0.314      3.000
     7.000      3.333      4.000      4.000      0.000      0.004      0.011      0.002      0.983      5.000
     5.500      4.000      3.500      3.750      0.000      0.001      0.002      0.003      0.994      5.000
     6.500      4.333      5.000      5.000      0.000      0.000      0.998      0.000      0.002      3.000
     6.250      3.000      2.250      3.000      0.017      0.000      0.000      0.981      0.001      4.000
     4.750      3.667      4.500      4.250      0.000      0.027      0.126      0.000      0.847      5.000
     6.250      4.000      3.750      3.250      0.000      0.001      0.001      0.023      0.975      5.000
     5.750      3.333      3.500      3.250      0.000      0.021      0.000      0.332      0.647      5.000
     5.250      3.667      4.000      3.750      0.000      0.013      0.004      0.002      0.981      5.000
     4.750      3.667      4.500      3.500      0.000      0.072      0.005      0.001      0.922      5.000
     6.000      3.333      3.500      4.250      0.000      0.007      0.003      0.003      0.988      5.000
     7.000      4.000      3.500      3.000      0.000      0.000      0.000      0.214      0.786      5.000
     4.500      2.333      2.500      2.000      0.976      0.000      0.000      0.024      0.000      1.000
     5.750      4.000      3.750      3.750      0.000      0.001      0.006      0.001      0.992      5.000
     5.500      4.000      5.000      5.000      0.000      0.000      0.989      0.000      0.011      3.000
     5.000      2.333      3.000      2.250      0.491      0.001      0.000      0.508      0.000      4.000
     3.750      2.667      3.750      4.000      0.000      0.918      0.000      0.002      0.081      2.000
     6.500      4.000      4.000      4.000      0.000      0.000      0.058      0.000      0.942      5.000
     6.000      3.667      4.000      3.250      0.000      0.008      0.001      0.027      0.964      5.000
     6.000      3.667      4.000      3.750      0.000      0.004      0.006      0.002      0.988      5.000
     4.250      2.333      2.500      2.250      0.942      0.000      0.000      0.058      0.000      1.000
     4.750      3.333      3.750      4.000      0.000      0.076      0.001      0.003      0.920      5.000
     4.000      3.000      2.750      2.750      0.029      0.006      0.000      0.961      0.004      4.000
     5.750      3.667      2.750      3.000      0.000      0.000      0.000      0.905      0.094      4.000
     7.000      4.667      5.000      4.000      0.000      0.000      0.954      0.000      0.046      3.000
     7.000      5.000      4.750      4.000      0.000      0.000      0.958      0.000      0.042      3.000
     6.250      4.333      3.500      4.500      0.000      0.000      0.176      0.000      0.824      5.000
     5.750      1.667      2.000      2.000      1.000      0.000      0.000      0.000      0.000      1.000
     6.000      4.000      4.750      4.250      0.000      0.000      0.663      0.000      0.336      3.000
     7.000      5.000      4.250      3.500      0.000      0.000      0.307      0.000      0.693      5.000
     6.750      4.333      4.500      4.500      0.000      0.000      0.908      0.000      0.092      3.000
     5.500      1.667      4.000      3.000      0.001      0.888      0.000      0.110      0.001      2.000
     4.750      3.333      4.000      2.750      0.000      0.214      0.000      0.378      0.408      5.000
     6.000      1.333      1.250      1.000      1.000      0.000      0.000      0.000      0.000      1.000
     6.500      4.000      4.250      4.000      0.000      0.000      0.130      0.000      0.869      5.000
     5.500      3.333      3.750      4.000      0.000      0.026      0.002      0.003      0.968      5.000
     6.000      2.333      4.000      2.750      0.000      0.268      0.000      0.714      0.018      4.000
     5.500      4.000      3.750      3.750      0.000      0.001      0.005      0.001      0.993      5.000
     6.000      3.667      3.750      4.000      0.000      0.002      0.007      0.001      0.989      5.000
     6.000      4.000      5.000      4.750      0.000      0.000      0.977      0.000      0.023      3.000
     3.000      3.333      4.750      3.500      0.000      0.892      0.000      0.000      0.108      2.000
     4.500      3.000      2.500      2.250      0.365      0.000      0.000      0.635      0.000      4.000
     5.250      4.667      3.500      4.500      0.000      0.000      0.246      0.000      0.754      5.000
     5.000      3.667      4.000      3.750      0.000      0.019      0.003      0.001      0.976      5.000
     5.750      3.667      4.750      4.500      0.000      0.003      0.651      0.000      0.346      3.000
     4.250      2.333      3.750      3.500      0.000      0.963      0.000      0.020      0.017      2.000
     5.250      2.333      4.000      4.000      0.000      0.907      0.000      0.004      0.090      2.000
     4.750      2.333      5.000      2.250      0.000      0.984      0.000      0.015      0.001      2.000
     5.250      2.000      2.250      2.000      0.997      0.000      0.000      0.003      0.000      1.000
     5.250      3.667      3.750      3.250      0.000      0.016      0.000      0.054      0.930      5.000
     4.000      4.333      4.500      4.000      0.000      0.003      0.193      0.000      0.804      5.000
     6.250      3.667      4.250      3.250      0.000      0.008      0.002      0.012      0.979      5.000
     4.000      2.000      2.750      1.500      0.999      0.000      0.000      0.001      0.000      1.000
     4.250      3.000      3.750      3.500      0.000      0.612      0.000      0.040      0.348      2.000
     5.250      4.000      4.000      4.000      0.000      0.002      0.030      0.000      0.969      5.000
     4.000      2.667      3.500      3.250      0.000      0.760      0.000      0.183      0.056      2.000
     4.000      1.667      2.750      1.750      0.999      0.000      0.000      0.001      0.000      1.000
     6.250      3.667      5.000      4.250      0.000      0.002      0.671      0.000      0.327      3.000
     6.750      2.333      3.000      2.000      0.436      0.000      0.000      0.564      0.000      4.000
     6.000      4.333      3.250      3.750      0.000      0.000      0.003      0.003      0.994      5.000
     5.500      3.000      4.000      3.750      0.000      0.226      0.000      0.013      0.761      5.000
     5.750      3.667      4.250      3.750      0.000      0.009      0.012      0.001      0.978      5.000
     5.750      1.333      1.750      1.000      1.000      0.000      0.000      0.000      0.000      1.000
     5.250      3.333      2.750      3.250      0.000      0.003      0.000      0.872      0.125      4.000
     4.750      1.667      4.500      3.750      0.000      0.999      0.000      0.000      0.001      2.000
     5.000      3.333      2.500      3.500      0.000      0.003      0.000      0.809      0.188      4.000
     7.000      5.000      4.750      5.000      0.000      0.000      0.999      0.000      0.001      3.000
     5.500      3.667      4.000      4.000      0.000      0.007      0.013      0.000      0.980      5.000
     5.500      2.667      4.000      3.750      0.000      0.614      0.000      0.020      0.367      2.000
     7.000      3.667      4.000      3.250      0.000      0.002      0.001      0.035      0.962      5.000
     6.000      3.000      2.500      2.500      0.058      0.000      0.000      0.942      0.000      4.000
     6.750      3.000      2.000      1.750      0.900      0.000      0.000      0.100      0.000      1.000
     4.500      3.000      4.000      3.500      0.000      0.624      0.000      0.018      0.358      2.000
     2.750      2.667      2.500      2.000      0.969      0.000      0.000      0.031      0.000      1.000
     5.500      2.333      3.500      3.250      0.001      0.343      0.000      0.616      0.041      4.000
     4.000      1.667      3.750      3.250      0.000      0.988      0.000      0.012      0.000      2.000
     5.750      3.667      4.000      4.000      0.000      0.005      0.015      0.000      0.980      5.000
     7.000      3.000      4.000      3.500      0.000      0.039      0.000      0.083      0.878      5.000
     6.000      3.667      3.750      3.000      0.000      0.006      0.000      0.209      0.785      5.000
     3.750      3.667      3.500      4.250      0.000      0.032      0.002      0.000      0.965      5.000
     4.250      2.667      4.000      4.250      0.000      0.852      0.000      0.000      0.147      2.000
     4.500      3.667      4.250      4.000      0.000      0.041      0.017      0.000      0.942      5.000
     5.250      3.000      3.250      3.500      0.000      0.093      0.000      0.438      0.469      5.000
     3.750      5.000      3.000      3.750      0.000      0.000      0.002      0.000      0.997      5.000
     5.000      3.000      4.000      4.250      0.000      0.253      0.003      0.001      0.743      5.000
     6.750      3.333      4.000      3.750      0.000      0.008      0.003      0.007      0.981      5.000
     6.250      3.667      4.250      3.750      0.000      0.004      0.016      0.001      0.979      5.000
     3.000      1.667      2.250      1.750      1.000      0.000      0.000      0.000      0.000      1.000
     6.000      3.667      4.000      3.750      0.000      0.004      0.006      0.002      0.988      5.000
     5.750      4.333      3.500      3.750      0.000      0.000      0.006      0.001      0.993      5.000
     4.000      4.000      4.000      4.000      0.000      0.011      0.015      0.000      0.974      5.000
     4.750      3.667      3.750      3.750      0.000      0.019      0.001      0.003      0.976      5.000
     4.000      3.333      4.250      2.750      0.000      0.634      0.000      0.086      0.280      2.000
     5.250      4.000      4.000      3.500      0.000      0.003      0.003      0.002      0.991      5.000
     5.750      3.333      3.750      3.250      0.000      0.037      0.000      0.165      0.798      5.000
     4.000      5.000      4.500      5.000      0.000      0.000      0.993      0.000      0.007      3.000
     7.000      3.000      3.000      3.750      0.000      0.004      0.000      0.487      0.509      5.000
     4.500      3.000      4.750      4.250      0.000      0.667      0.014      0.000      0.319      2.000
     6.750      4.333      4.250      4.750      0.000      0.000      0.923      0.000      0.077      3.000
     3.250      2.000      3.500      4.000      0.000      0.997      0.000      0.001      0.002      2.000
     5.500      3.333      4.000      3.500      0.000      0.065      0.001      0.019      0.916      5.000
     5.000      3.333      3.750      3.500      0.000      0.090      0.000      0.039      0.871      5.000
     6.000      3.000      2.250      2.250      0.363      0.000      0.000      0.637      0.000      4.000
     5.250      4.667      4.250      4.250      0.000      0.000      0.613      0.000      0.387      3.000
     3.000      4.000      4.000      4.000      0.000      0.046      0.008      0.000      0.946      5.000
     6.500      4.000      4.000      4.000      0.000      0.000      0.058      0.000      0.942      5.000
     5.750      4.333      4.500      4.250      0.000      0.000      0.655      0.000      0.345      3.000
     5.500      4.000      4.500      3.500      0.000      0.004      0.023      0.000      0.972      5.000
     4.250      3.000      4.750      3.750      0.000      0.845      0.001      0.000      0.154      2.000
     4.750      3.333      3.500      3.750      0.000      0.070      0.000      0.025      0.905      5.000
     4.750      3.667      3.750      3.250      0.000      0.033      0.000      0.047      0.920      5.000
     6.750      4.667      5.000      4.750      0.000      0.000      0.998      0.000      0.002      3.000
     5.000      3.667      5.000      4.250      0.000      0.022      0.493      0.000      0.486      3.000
     5.750      2.667      4.000      3.750      0.000      0.523      0.000      0.026      0.451      2.000
     6.500      5.000      3.750      4.250      0.000      0.000      0.594      0.000      0.406      3.000
     4.750      3.000      3.250      3.750      0.000      0.201      0.000      0.142      0.657      5.000
     5.000      3.333      3.500      3.750      0.000      0.050      0.000      0.027      0.923      5.000
     4.750      3.667      4.750      5.000      0.000      0.002      0.902      0.000      0.096      3.000
     4.000      3.000      4.000      3.000      0.000      0.802      0.000      0.077      0.121      2.000
     4.250      2.667      2.250      3.000      0.276      0.001      0.000      0.722      0.001      4.000
     6.000      3.333      3.000      3.500      0.000      0.004      0.000      0.470      0.525      5.000
     6.000      4.000      3.500      3.500      0.000      0.001      0.001      0.014      0.984      5.000
     6.000      3.333      3.250      3.000      0.000      0.003      0.000      0.836      0.161      4.000
     5.750      3.667      3.750      4.000      0.000      0.003      0.006      0.001      0.989      5.000
     5.000      3.667      4.250      4.000      0.000      0.020      0.023      0.000      0.957      5.000
     7.000      3.000      5.000      3.750      0.000      0.115      0.042      0.001      0.842      5.000
     4.500      3.667      3.500      3.000      0.000      0.032      0.000      0.301      0.667      5.000
     6.750      2.667      2.750      2.000      0.331      0.000      0.000      0.669      0.000      4.000
     6.500      4.000      4.000      4.500      0.000      0.000      0.350      0.000      0.650      5.000
     6.250      4.333      3.750      4.250      0.000      0.000      0.149      0.000      0.851      5.000
     5.500      2.667      3.750      3.250      0.000      0.421      0.000      0.380      0.199      2.000
     6.000      4.333      4.000      3.500      0.000      0.000      0.014      0.001      0.985      5.000
     6.750      3.333      4.250      4.250      0.000      0.006      0.065      0.000      0.928      5.000
     5.250      3.000      3.250      3.000      0.000      0.024      0.000      0.908      0.067      4.000
     4.750      3.333      4.500      3.250      0.000      0.369      0.000      0.006      0.624      5.000
     5.500      3.667      3.500      3.500      0.000      0.006      0.000      0.039      0.955      5.000
     7.000      3.333      2.000      2.000      0.339      0.000      0.000      0.661      0.000      4.000
     4.500      3.000      4.000      3.750      0.000      0.561      0.000      0.006      0.434      2.000
     6.000      4.333      4.250      3.750      0.000      0.000      0.093      0.000      0.906      5.000
     7.000      3.333      2.500      2.500      0.006      0.000      0.000      0.993      0.001      4.000
     5.750      3.000      3.750      3.500      0.000      0.142      0.000      0.125      0.733      5.000
     6.000      3.000      4.000      3.750      0.000      0.122      0.001      0.017      0.860      5.000
     5.000      4.000      4.000      3.250      0.000      0.006      0.001      0.007      0.986      5.000
     5.250      3.667      3.500      4.000      0.000      0.005      0.002      0.003      0.991      5.000
     5.500      4.000      4.250      3.750      0.000      0.002      0.028      0.000      0.970      5.000
     5.000      3.667      3.750      3.250      0.000      0.023      0.000      0.050      0.927      5.000
     6.000      3.333      3.250      2.500      0.000      0.001      0.000      0.986      0.013      4.000
     3.250      2.000      1.750      2.250      1.000      0.000      0.000      0.000      0.000      1.000
     6.500      5.000      5.000      5.000      0.000      0.000      1.000      0.000      0.000      3.000
     4.250      4.000      4.000      3.500      0.000      0.014      0.002      0.001      0.983      5.000
     5.750      2.333      2.750      2.250      0.629      0.000      0.000      0.371      0.000      1.000
     6.000      3.333      3.750      2.500      0.000      0.006      0.000      0.918      0.076      4.000
     4.750      2.667      3.500      2.750      0.002      0.123      0.000      0.860      0.015      4.000
     5.000      4.333      4.000      4.000      0.000      0.000      0.066      0.000      0.933      5.000
     4.750      4.333      4.500      3.750      0.000      0.002      0.110      0.000      0.888      5.000
     4.500      3.333      4.000      4.000      0.000      0.145      0.002      0.001      0.852      5.000
     6.000      4.000      3.500      4.000      0.000      0.000      0.008      0.001      0.991      5.000
     4.000      3.333      4.000      3.000      0.000      0.494      0.000      0.085      0.421      2.000
     6.750      4.667      4.000      4.750      0.000      0.000      0.930      0.000      0.070      3.000
     5.000      2.667      2.750      3.000      0.022      0.006      0.000      0.968      0.004      4.000
     6.000      4.333      4.000      4.250      0.000      0.000      0.270      0.000      0.730      5.000
     4.500      3.667      3.750      2.750      0.000      0.053      0.000      0.386      0.561      5.000
     4.750      3.333      4.750      4.250      0.000      0.184      0.097      0.000      0.719      5.000
     4.000      2.667      4.000      4.000      0.000      0.918      0.000      0.001      0.081      2.000
     6.750      4.000      3.500      4.000      0.000      0.000      0.012      0.001      0.987      5.000
     7.000      5.000      4.500      4.750      0.000      0.000      0.996      0.000      0.004      3.000
     7.000      4.667      4.750      5.000      0.000      0.000      0.998      0.000      0.002      3.000
     6.750      3.667      3.250      3.000      0.000      0.000      0.000      0.666      0.333      4.000
     6.000      4.000      3.500      4.000      0.000      0.000      0.008      0.001      0.991      5.000
     4.000      3.333      5.000      4.750      0.000      0.175      0.538      0.000      0.287      3.000
     5.500      3.667      4.000      4.000      0.000      0.007      0.013      0.000      0.980      5.000
     5.500      4.000      3.750      3.750      0.000      0.001      0.005      0.001      0.993      5.000
     5.000      4.000      4.000      4.000      0.000      0.002      0.026      0.000      0.972      5.000
     4.750      4.667      4.250      3.750      0.000      0.000      0.121      0.000      0.879      5.000
     5.250      4.000      4.250      3.500      0.000      0.005      0.008      0.001      0.986      5.000
     5.500      2.000      2.250      3.000      0.777      0.000      0.000      0.223      0.000      1.000
     4.750      3.667      3.500      3.750      0.000      0.013      0.000      0.009      0.978      5.000
     4.000      3.000      4.500      3.750      0.000      0.846      0.000      0.000      0.153      2.000
     4.000      2.000      5.000      3.250      0.000      1.000      0.000      0.000      0.000      2.000
     5.500      3.000      3.250      2.750      0.001      0.006      0.000      0.975      0.018      4.000
