     6.500      2.000      2.250      2.000      1.000      0.000      0.000      1.000
     6.250      3.000      3.750      3.000      0.001      0.002      0.997      3.000
     5.750      3.667      3.500      3.750      0.000      0.049      0.951      3.000
     5.500      2.667      3.000      2.500      0.834      0.000      0.166      1.000
     5.500      4.000      3.500      3.750      0.000      0.088      0.912      3.000
     6.500      3.667      3.250      3.500      0.000      0.015      0.985      3.000
     5.250      1.000      1.750      1.000      1.000      0.000      0.000      1.000
     7.000      3.333      4.000      2.750      0.001      0.004      0.996      3.000
     6.500      2.333      2.500      2.000      1.000      0.000      0.000      1.000
     7.000      3.000      3.000      3.500      0.003      0.002      0.994      3.000
     6.000      2.333      3.750      2.500      0.209      0.000      0.791      3.000
     4.750      2.667      2.000      2.000      1.000      0.000      0.000      1.000
     6.750      2.667      3.750      2.750      0.019      0.000      0.980      3.000
     6.250      3.667      4.000      3.000      0.000      0.014      0.986      3.000
     5.250      4.000      4.250      5.000      0.000      0.983      0.017      2.000
     6.500      5.000      4.000      4.500      0.000      0.987      0.013      2.000
     6.250      1.333      2.250      1.750      1.000      0.000      0.000      1.000
     7.000      4.000      3.250      3.500      0.000      0.038      0.962      3.000
     5.750      1.667      2.250      1.500      1.000      0.000      0.000      1.000
     6.250      2.667      4.000      1.500      0.929      0.000      0.071      1.000
     5.000      4.000      3.000      3.000      0.003      0.001      0.995      3.000
     6.000      4.000      3.750      2.750      0.000      0.006      0.994      3.000
     5.500      2.667      2.750      1.250      1.000      0.000      0.000      1.000
     4.750      2.333      3.000      1.750      0.999      0.000      0.001      1.000
     5.500      4.000      3.500      4.000      0.000      0.196      0.804      3.000
     6.750      4.333      4.250      4.500      0.000      0.973      0.027      2.000
     5.750      4.000      3.250      3.250      0.000      0.009      0.991      3.000
     6.250      3.667      3.500      2.000      0.262      0.000      0.738      3.000
     5.250      3.000      2.750      3.000      0.224      0.000      0.776      3.000
     5.750      2.333      2.000      2.000      1.000      0.000      0.000      1.000
     6.750      3.000      3.500      3.250      0.001      0.003      0.996      3.000
     5.750      2.667      4.000      2.500      0.024      0.000      0.976      3.000
     6.000      4.333      3.750      3.000      0.000      0.028      0.972      3.000
     6.000      2.667      4.000      3.750      0.000      0.022      0.978      3.000
     6.000      3.667      4.000      3.500      0.000      0.075      0.925      3.000
     7.000      3.667      4.000      3.750      0.000      0.238      0.762      3.000
     4.500      1.333      2.250      2.000      1.000      0.000      0.000      1.000
     6.000      4.000      3.250      3.250      0.000      0.010      0.990      3.000
     4.000      3.000      3.250      3.000      0.019      0.000      0.980      3.000
     5.500      4.000      4.000      3.750      0.000      0.254      0.746      3.000
     7.000      5.000      5.000      5.000      0.000      1.000      0.000      2.000
     5.250      4.000      4.000      3.250      0.000      0.046      0.954      3.000
     7.000      3.000      2.750      2.750      0.588      0.000      0.412      1.000
     5.750      3.000      3.500      3.500      0.000      0.005      0.995      3.000
     5.250      2.667      2.250      3.000      0.922      0.000      0.078      1.000
     7.000      2.333      2.500      2.250      0.999      0.000      0.001      1.000
     6.000      4.000      3.750      3.750      0.000      0.184      0.816      3.000
     7.000      3.000      3.500      2.250      0.377      0.000      0.623      3.000
     5.000      1.667      1.500      1.500      1.000      0.000      0.000      1.000
     7.000      2.000      3.750      2.500      0.432      0.000      0.568      3.000
     7.000      4.333      4.750      4.250      0.000      0.983      0.017      2.000
     7.000      3.000      3.500      3.000      0.005      0.001      0.993      3.000
     5.500      4.333      3.750      3.750      0.000      0.273      0.727      3.000
     6.500      2.333      3.000      2.000      0.997      0.000      0.003      1.000
     5.500      3.667      3.750      3.500      0.000      0.034      0.966      3.000
     6.500      2.333      2.250      1.750      1.000      0.000      0.000      1.000
     6.000      4.000      4.000      4.000      0.000      0.515      0.485      2.000
     5.500      4.000      3.750      3.250      0.000      0.028      0.972      3.000
     5.500      4.333      3.750      3.500      0.000      0.130      0.870      3.000
     6.250      3.667      3.250      3.750      0.000      0.033      0.967      3.000
     2.000      1.667      2.500      1.500      1.000      0.000      0.000      1.000
     6.250      3.000      3.000      3.000      0.072      0.000      0.928      3.000
     7.000      4.000      4.000      4.000      0.000      0.620      0.380      2.000
     6.000      3.667      3.250      3.000      0.003      0.002      0.996      3.000
     5.000      2.667      2.500      2.250      0.997      0.000      0.003      1.000
     5.250      3.333      2.500      2.250      0.977      0.000      0.023      1.000
     5.750      3.667      4.000      4.000      0.000      0.315      0.685      3.000
     4.000      1.667      1.500      1.000      1.000      0.000      0.000      1.000
     7.000      5.000      5.000      5.000      0.000      1.000      0.000      2.000
     7.000      4.333      3.750      3.750      0.000      0.418      0.582      3.000
     5.250      4.000      3.250      3.250      0.000      0.007      0.993      3.000
     5.250      3.667      4.000      4.500      0.000      0.701      0.299      2.000
     6.000      3.667      3.250      2.500      0.055      0.000      0.945      3.000
     6.000      3.000      4.000      4.250      0.000      0.230      0.770      3.000
     6.250      3.000      3.250      2.750      0.089      0.000      0.910      3.000
     5.250      4.000      3.750      3.000      0.000      0.010      0.990      3.000
     5.750      2.000      2.000      2.000      1.000      0.000      0.000      1.000
     6.500      3.333      4.000      3.500      0.000      0.046      0.954      3.000
     5.250      3.667      3.250      2.750      0.012      0.001      0.988      3.000
     4.750      1.667      1.750      1.500      1.000      0.000      0.000      1.000
     7.000      5.000      4.000      4.000      0.000      0.936      0.064      2.000
     6.250      4.667      4.250      3.500      0.000      0.601      0.399      2.000
     6.750      4.667      4.250      4.250      0.000      0.968      0.032      2.000
     5.500      3.333      3.000      3.250      0.006      0.001      0.993      3.000
     7.000      2.667      2.750      2.500      0.951      0.000      0.049      1.000
     5.500      3.667      4.000      4.000      0.000      0.292      0.708      3.000
     5.500      3.000      3.000      3.000      0.071      0.000      0.929      3.000
     6.000      3.000      2.750      2.500      0.871      0.000      0.129      1.000
     4.500      2.333      3.000      3.250      0.113      0.000      0.887      3.000
     6.250      3.333      3.750      3.000      0.001      0.004      0.996      3.000
     4.750      2.667      2.750      2.500      0.949      0.000      0.051      1.000
     5.500      4.000      4.750      3.750      0.000      0.692      0.308      2.000
     6.250      3.667      2.500      2.250      0.938      0.000      0.062      1.000
     5.000      3.000      3.000      3.000      0.071      0.000      0.929      3.000
     6.750      3.000      3.000      3.000      0.072      0.000      0.927      3.000
     5.750      3.667      3.750      3.750      0.000      0.089      0.911      3.000
     5.500      2.333      2.500      2.000      1.000      0.000      0.000      1.000
     7.000      4.000      4.000      3.000      0.000      0.039      0.961      3.000
     6.000      3.667      3.750      3.500      0.000      0.041      0.959      3.000
     5.250      2.000      3.000      2.000      0.999      0.000      0.001      1.000
     6.000      4.000      4.000      3.500      0.000      0.143      0.857      3.000
     5.750      4.000      3.250      3.500      0.000      0.022      0.978      3.000
     5.500      2.000      2.500      2.250      1.000      0.000      0.000      1.000
     7.000      5.000      4.750      5.000      0.000      1.000      0.000      2.000
     6.750      4.667      4.250      3.500      0.000      0.652      0.348      2.000
     4.500      4.000      4.250      3.750      0.000      0.293      0.707      3.000
     7.000      2.000      3.000      1.500      1.000      0.000      0.000      1.000
     6.000      3.667      3.500      2.250      0.069      0.000      0.931      3.000
     6.750      4.333      4.000      2.500      0.000      0.012      0.988      3.000
     4.500      2.000      2.000      1.500      1.000      0.000      0.000      1.000
     7.000      2.333      2.500      1.750      1.000      0.000      0.000      1.000
     4.500      2.000      3.000      2.000      0.999      0.000      0.001      1.000
     6.000      3.333      2.750      2.250      0.919      0.000      0.081      1.000
     7.000      5.000      4.750      4.750      0.000      0.999      0.001      2.000
     6.000      4.000      3.500      3.000      0.000      0.007      0.992      3.000
     7.000      3.000      3.000      2.250      0.897      0.000      0.103      1.000
     5.500      4.000      3.500      4.000      0.000      0.196      0.804      3.000
     5.250      2.333      2.250      2.000      1.000      0.000      0.000      1.000
     7.000      1.667      1.500      1.500      1.000      0.000      0.000      1.000
     6.250      3.667      4.250      3.750      0.000      0.298      0.702      3.000
     5.750      3.000      3.500      2.250      0.372      0.000      0.628      3.000
     4.750      3.667      3.500      3.500      0.000      0.013      0.987      3.000
     5.500      2.667      3.000      2.000      0.991      0.000      0.009      1.000
     4.500      1.000      1.500      1.250      1.000      0.000      0.000      1.000
     7.000      3.667      3.500      2.750      0.003      0.002      0.995      3.000
     5.500      3.667      4.000      4.250      0.000      0.509      0.491      2.000
     6.750      4.333      4.750      4.750      0.000      0.997      0.003      2.000
     7.000      3.667      3.750      4.000      0.000      0.295      0.705      3.000
     5.500      4.333      4.000      4.250      0.000      0.817      0.183      2.000
     5.500      3.667      3.250      2.750      0.012      0.001      0.988      3.000
     6.000      3.667      4.250      4.250      0.000      0.707      0.293      2.000
     6.000      3.667      1.500      1.500      1.000      0.000      0.000      1.000
     6.000      2.000      2.000      2.000      1.000      0.000      0.000      1.000
     7.000      3.667      3.250      3.750      0.000      0.045      0.955      3.000
     7.000      3.000      3.250      3.000      0.020      0.001      0.979      3.000
     5.250      1.667      2.000      1.250      1.000      0.000      0.000      1.000
     5.500      3.000      4.000      4.000      0.000      0.087      0.913      3.000
     5.500      3.333      3.750      3.000      0.000      0.003      0.997      3.000
     4.000      1.667      3.750      3.500      0.004      0.000      0.996      3.000
     6.000      2.333      2.750      1.750      1.000      0.000      0.000      1.000
     3.250      2.000      4.000      2.750      0.038      0.000      0.962      3.000
     4.750      3.667      4.000      4.000      0.000      0.230      0.770      3.000
     6.000      3.000      3.250      3.000      0.020      0.000      0.980      3.000
     6.000      4.000      4.000      4.000      0.000      0.515      0.485      2.000
     2.750      3.000      4.000      3.750      0.000      0.012      0.988      3.000
     7.000      5.000      4.000      4.000      0.000      0.936      0.064      2.000
     5.500      3.333      3.500      3.750      0.000      0.022      0.978      3.000
     6.250      4.000      3.750      3.500      0.000      0.090      0.910      3.000
     6.000      4.000      2.750      2.750      0.058      0.000      0.942      3.000
     5.250      2.333      4.250      3.250      0.000      0.002      0.997      3.000
     5.000      3.000      4.000      3.250      0.000      0.005      0.995      3.000
     6.000      4.667      4.750      4.250      0.000      0.987      0.013      2.000
     7.000      4.000      4.250      4.000      0.000      0.754      0.246      2.000
     4.500      3.333      3.500      3.000      0.002      0.001      0.997      3.000
     3.750      3.000      4.500      3.500      0.000      0.024      0.976      3.000
     5.250      2.333      2.250      2.250      1.000      0.000      0.000      1.000
     6.500      3.667      4.500      4.750      0.000      0.973      0.027      2.000
     5.750      2.667      3.250      2.000      0.968      0.000      0.032      1.000
     7.000      3.333      3.750      2.500      0.012      0.001      0.988      3.000
     5.000      3.333      4.000      3.750      0.000      0.060      0.940      3.000
     6.000      4.333      5.000      5.000      0.000      0.999      0.001      2.000
     4.000      3.000      2.750      2.000      0.993      0.000      0.007      1.000
     5.500      3.667      3.250      3.000      0.002      0.002      0.996      3.000
     6.000      4.000      4.750      5.000      0.000      0.996      0.004      2.000
     4.250      1.333      1.750      1.000      1.000      0.000      0.000      1.000
     6.000      4.000      4.000      4.000      0.000      0.515      0.485      2.000
     4.000      4.000      4.000      4.500      0.000      0.740      0.260      2.000
     5.000      3.333      2.750      3.500      0.004      0.001      0.995      3.000
     6.000      4.000      4.000      4.000      0.000      0.515      0.485      2.000
     4.000      3.667      5.000      3.750      0.000      0.516      0.484      2.000
     4.250      4.000      4.500      4.000      0.000      0.638      0.362      2.000
     6.000      3.667      3.000      3.000      0.009      0.001      0.990      3.000
     4.000      2.333      4.750      4.500      0.000      0.328      0.672      3.000
     6.000      4.000      3.750      3.750      0.000      0.184      0.816      3.000
     4.750      4.000      4.500      4.250      0.000      0.846      0.154      2.000
     6.000      4.667      5.000      5.000      0.000      1.000      0.000      2.000
     4.000      4.000      4.500      4.250      0.000      0.799      0.201      2.000
     4.500      2.667      1.750      2.500      1.000      0.000      0.000      1.000
     6.250      3.333      3.000      2.750      0.116      0.000      0.884      3.000
     5.750      3.667      3.250      3.250      0.001      0.004      0.995      3.000
     5.750      4.000      3.500      3.500      0.000      0.041      0.959      3.000
     4.500      3.667      2.750      3.500      0.002      0.002      0.997      3.000
     4.750      3.667      3.750      4.000      0.000      0.137      0.863      3.000
     5.250      4.000      3.500      3.000      0.000      0.005      0.994      3.000
     5.500      3.333      4.000      3.500      0.000      0.030      0.970      3.000
     4.500      4.000      4.250      4.250      0.000      0.725      0.275      2.000
     5.000      4.000      4.500      4.250      0.000      0.860      0.140      2.000
     5.000      3.333      3.500      3.750      0.000      0.018      0.982      3.000
     2.000      3.000      4.000      3.250      0.000      0.001      0.999      3.000
     6.750      4.333      3.250      4.500      0.000      0.745      0.255      2.000
     6.000      3.000      3.250      2.250      0.693      0.000      0.307      1.000
     5.500      2.667      3.750      2.000      0.680      0.000      0.320      1.000
     7.000      4.333      4.750      4.250      0.000      0.983      0.017      2.000
     6.500      4.000      4.500      4.000      0.000      0.822      0.178      2.000
     5.500      2.333      1.750      1.500      1.000      0.000      0.000      1.000
     5.500      4.000      3.750      4.000      0.000      0.313      0.687      3.000
     5.500      2.667      4.000      4.000      0.000      0.044      0.956      3.000
     6.000      3.667      4.500      4.000      0.000      0.643      0.357      2.000
     7.000      5.000      5.000      5.000      0.000      1.000      0.000      2.000
     4.000      2.667      4.250      2.500      0.006      0.000      0.994      3.000
     3.750      3.000      3.750      3.250      0.000      0.002      0.998      3.000
     5.250      2.333      4.000      2.750      0.014      0.000      0.986      3.000
     4.000      2.667      5.000      2.750      0.000      0.003      0.997      3.000
     4.250      1.667      1.250      1.500      1.000      0.000      0.000      1.000
     4.750      4.000      4.500      4.000      0.000      0.686      0.314      2.000
     4.000      3.667      4.500      4.250      0.000      0.657      0.343      2.000
     6.000      5.000      4.500      4.500      0.000      0.995      0.005      2.000
     5.500      3.667      4.750      3.750      0.000      0.520      0.480      2.000
     3.500      2.667      4.250      4.250      0.000      0.084      0.916      3.000
     4.750      4.667      3.500      4.000      0.000      0.432      0.568      3.000
     4.750      3.667      5.000      4.500      0.000      0.959      0.041      2.000
     2.750      3.000      4.000      4.250      0.000      0.069      0.931      3.000
     5.750      3.333      4.500      4.000      0.000      0.438      0.562      3.000
     4.000      2.667      4.000      2.750      0.005      0.000      0.995      3.000
     3.500      2.000      3.000      2.250      0.995      0.000      0.005      1.000
     5.000      2.333      2.000      2.500      1.000      0.000      0.000      1.000
     3.000      4.000      4.500      4.000      0.000      0.507      0.493      2.000
     5.500      4.000      4.000      4.000      0.000      0.461      0.539      3.000
     4.750      4.333      3.000      3.000      0.001      0.003      0.996      3.000
     5.000      4.667      5.000      4.750      0.000      0.998      0.002      2.000
     6.000      4.000      4.000      4.000      0.000      0.515      0.485      2.000
     4.000      2.333      4.000      3.000      0.003      0.000      0.997      3.000
     4.000      3.667      4.000      4.000      0.000      0.178      0.822      3.000
     6.750      4.333      5.000      5.000      0.000      0.999      0.001      2.000
     4.250      3.333      4.750      3.500      0.000      0.108      0.892      3.000
     6.000      4.000      4.000      3.500      0.000      0.143      0.857      3.000
     6.250      4.333      4.250      4.000      0.000      0.822      0.178      2.000
     4.000      3.667      4.750      4.000      0.000      0.588      0.412      2.000
     5.250      4.000      5.000      4.750      0.000      0.993      0.007      2.000
     6.000      4.667      5.000      4.500      0.000      0.997      0.003      2.000
     3.000      3.333      3.750      1.750      0.549      0.000      0.451      1.000
     3.250      2.667      3.000      1.750      0.998      0.000      0.002      1.000
     4.750      2.667      4.000      3.500      0.000      0.005      0.995      3.000
     5.500      4.000      4.500      4.500      0.000      0.950      0.050      2.000
     6.250      4.667      4.250      3.750      0.000      0.792      0.208      2.000
     3.750      3.000      3.500      3.250      0.001      0.001      0.998      3.000
     4.500      3.000      5.000      4.000      0.000      0.435      0.565      3.000
     6.000      3.667      3.500      3.750      0.000      0.055      0.945      3.000
     6.250      4.667      4.750      4.000      0.000      0.971      0.029      2.000
     4.000      3.333      3.750      4.000      0.000      0.053      0.947      3.000
     6.250      2.000      2.750      1.500      1.000      0.000      0.000      1.000
     3.500      2.333      5.000      2.750      0.000      0.001      0.999      3.000
     4.500      3.667      5.000      3.500      0.000      0.344      0.656      3.000
     4.000      3.333      3.500      4.000      0.000      0.029      0.971      3.000
     2.250      2.667      4.250      4.000      0.000      0.021      0.979      3.000
     3.000      3.333      5.000      3.500      0.000      0.117      0.883      3.000
     5.750      3.333      4.000      3.250      0.000      0.014      0.986      3.000
     4.000      3.667      4.000      4.000      0.000      0.178      0.822      3.000
     5.000      4.000      3.500      3.500      0.000      0.030      0.970      3.000
     5.250      4.333      5.000      4.750      0.000      0.997      0.003      2.000
     5.000      3.333      3.500      4.000      0.000      0.044      0.956      3.000
     5.250      3.667      4.500      4.000      0.000      0.566      0.434      2.000
     5.250      4.333      5.000      3.750      0.000      0.887      0.113      2.000
     4.000      4.000      5.000      4.500      0.000      0.972      0.028      2.000
     7.000      2.667      3.500      3.250      0.003      0.002      0.995      3.000
     5.500      3.667      4.000      2.750      0.000      0.004      0.996      3.000
     4.000      2.667      4.750      3.750      0.000      0.060      0.940      3.000
     5.250      3.667      3.000      3.500      0.000      0.005      0.995      3.000
     7.000      3.667      4.250      4.000      0.000      0.596      0.404      2.000
     4.000      4.667      5.000      5.000      0.000      0.999      0.001      2.000
     4.000      3.667      5.000      4.000      0.000      0.728      0.272      2.000
     5.000      4.000      4.000      4.000      0.000      0.409      0.591      3.000
     4.000      3.333      5.000      2.500      0.000      0.005      0.995      3.000
     2.000      2.333      5.000      4.000      0.000      0.058      0.942      3.000
     5.000      3.333      3.500      3.000      0.002      0.001      0.997      3.000
     4.750      3.000      3.750      3.000      0.001      0.001      0.998      3.000
     4.250      3.000      3.750      3.500      0.000      0.005      0.995      3.000
     5.250      3.667      5.000      4.500      0.000      0.967      0.033      2.000
     5.250      4.000      3.500      3.500      0.000      0.033      0.967      3.000
     5.500      4.000      3.000      3.000      0.003      0.002      0.995      3.000
     5.000      3.000      4.500      3.750      0.000      0.097      0.903      3.000
     4.500      3.000      3.500      3.250      0.001      0.001      0.998      3.000
     3.500      3.333      4.000      3.750      0.000      0.032      0.968      3.000
     5.750      4.333      4.500      4.500      0.000      0.978      0.022      2.000
     6.250      4.000      4.500      4.500      0.000      0.963      0.037      2.000
     5.500      3.000      5.000      3.750      0.000      0.320      0.680      3.000
     4.000      3.000      3.750      3.000      0.001      0.001      0.998      3.000
     4.250      3.667      5.000      4.000      0.000      0.749      0.251      2.000
     5.500      2.667      4.500      3.750      0.000      0.061      0.939      3.000
     5.500      3.333      3.250      2.750      0.033      0.000      0.967      3.000
     5.000      3.000      4.250      3.750      0.000      0.054      0.946      3.000
     6.750      4.000      4.000      4.000      0.000      0.594      0.406      2.000
     4.750      4.000      3.750      3.250      0.000      0.020      0.980      3.000
     5.000      3.000      3.750      3.250      0.000      0.003      0.997      3.000
     5.000      5.000      4.750      3.250      0.000      0.719      0.281      2.000
     7.000      4.333      3.500      4.500      0.000      0.859      0.141      2.000
     4.500      4.000      4.000      3.500      0.000      0.081      0.919      3.000
     6.250      4.333      5.000      4.750      0.000      0.998      0.002      2.000
     5.000      3.667      4.750      4.750      0.000      0.972      0.028      2.000
     7.000      3.333      3.750      4.000      0.000      0.168      0.832      3.000
     5.000      4.000      3.750      3.000      0.000      0.009      0.991      3.000
     6.000      3.667      3.750      3.000      0.000      0.007      0.993      3.000
     3.250      2.333      3.750      3.750      0.000      0.002      0.998      3.000
     4.750      3.667      5.000      4.000      0.000      0.787      0.213      2.000
     3.500      2.667      3.750      3.250      0.001      0.001      0.999      3.000
     4.500      2.667      4.750      3.500      0.000      0.030      0.970      3.000
     6.250      3.000      3.250      2.000      0.916      0.000      0.084      1.000
     4.750      4.000      3.750      4.000      0.000      0.248      0.752      3.000
     4.500      3.000      3.750      3.250      0.000      0.002      0.998      3.000
     6.000      5.000      4.750      4.750      0.000      0.999      0.001      2.000
     5.000      4.000      3.750      3.500      0.000      0.055      0.945      3.000
     5.000      4.000      4.250      4.000      0.000      0.564      0.436      2.000
     5.000      2.000      2.000      2.000      1.000      0.000      0.000      1.000
     6.000      2.000      2.500      2.000      1.000      0.000      0.000      1.000
     5.000      4.667      5.000      3.500      0.000      0.853      0.147      2.000
     3.500      3.333      3.000      3.500      0.001      0.001      0.998      3.000
     5.750      4.000      4.750      4.250      0.000      0.941      0.059      2.000
     6.500      3.667      4.500      4.000      0.000      0.690      0.310      2.000
     5.500      4.000      4.000      3.000      0.000      0.021      0.979      3.000
     4.000      2.333      2.750      3.250      0.323      0.000      0.677      3.000
     6.250      4.000      3.250      4.000      0.000      0.152      0.848      3.000
     5.000      3.667      3.250      3.500      0.000      0.008      0.992      3.000
     6.500      3.333      3.500      3.000      0.002      0.002      0.996      3.000
     4.250      4.000      4.000      4.500      0.000      0.760      0.240      2.000
     4.250      3.000      4.500      4.000      0.000      0.164      0.836      3.000
     4.500      2.667      2.750      2.250      0.989      0.000      0.011      1.000
     6.750      4.667      3.500      4.500      0.000      0.919      0.081      2.000
     4.000      2.333      4.000      3.250      0.001      0.001      0.999      3.000
     5.000      4.000      4.000      4.000      0.000      0.409      0.591      3.000
     4.250      3.333      3.750      3.500      0.000      0.010      0.990      3.000
     5.000      4.667      4.750      4.750      0.000      0.997      0.003      2.000
     6.000      2.333      3.500      2.250      0.828      0.000      0.172      1.000
     5.250      3.333      4.000      4.000      0.000      0.151      0.849      3.000
     5.500      3.333      4.750      4.000      0.000      0.567      0.433      2.000
     5.500      4.000      3.750      3.500      0.000      0.067      0.933      3.000
     5.750      2.000      4.750      3.750      0.000      0.030      0.970      3.000
     6.500      4.000      3.750      4.000      0.000      0.412      0.588      3.000
     5.500      3.333      3.500      4.250      0.000      0.124      0.876      3.000
     6.750      2.667      3.500      4.000      0.000      0.022      0.978      3.000
     7.000      4.333      4.750      4.500      0.000      0.993      0.007      2.000
     6.750      4.000      3.500      4.000      0.000      0.294      0.706      3.000
     4.000      2.333      5.000      4.000      0.000      0.126      0.874      3.000
     4.000      3.667      4.000      4.000      0.000      0.178      0.822      3.000
     4.500      4.000      3.750      4.000      0.000      0.229      0.771      3.000
     4.750      3.000      3.750      2.500      0.031      0.000      0.969      3.000
     6.000      2.667      2.750      2.250      0.989      0.000      0.011      1.000
     4.000      2.000      1.250      2.000      1.000      0.000      0.000      1.000
     4.750      3.667      4.750      3.750      0.000      0.439      0.561      3.000
     6.000      4.000      3.500      3.500      0.000      0.045      0.955      3.000
     4.000      3.333      4.000      3.750      0.000      0.040      0.960      3.000
     5.250      3.667      3.750      4.000      0.000      0.165      0.835      3.000
     5.500      4.000      3.000      3.500      0.000      0.011      0.989      3.000
     4.500      3.333      4.000      3.750      0.000      0.049      0.951      3.000
     5.500      4.000      4.000      3.250      0.000      0.051      0.949      3.000
     3.750      2.667      3.500      4.000      0.000      0.006      0.994      3.000
     4.250      4.000      4.750      3.750      0.000      0.568      0.432      2.000
     6.250      3.667      3.000      1.250      0.998      0.000      0.002      1.000
     5.500      3.667      4.500      4.000      0.000      0.592      0.408      2.000
     5.250      4.000      3.500      3.500      0.000      0.033      0.967      3.000
     5.500      4.000      3.500      3.500      0.000      0.037      0.963      3.000
     5.000      2.333      2.000      2.000      1.000      0.000      0.000      1.000
     4.250      4.333      4.250      4.750      0.000      0.969      0.031      2.000
     5.000      3.667      4.750      4.000      0.000      0.687      0.313      2.000
     5.250      4.000      3.750      2.750      0.000      0.004      0.996      3.000
     5.000      4.333      4.000      3.250      0.000      0.082      0.918      3.000
     4.000      4.000      4.750      4.250      0.000      0.882      0.118      2.000
     5.250      2.667      4.250      2.750      0.001      0.001      0.998      3.000
     7.000      2.667      4.750      4.000      0.000      0.367      0.633      3.000
     4.750      4.000      4.000      3.250      0.000      0.037      0.963      3.000
     4.250      3.333      3.000      3.500      0.001      0.001      0.997      3.000
     6.000      4.000      4.000      3.500      0.000      0.143      0.857      3.000
     4.750      2.000      4.750      2.000      0.076      0.000      0.924      3.000
     4.750      3.000      2.500      2.250      0.992      0.000      0.008      1.000
     6.750      4.333      4.500      2.750      0.000      0.096      0.904      3.000
     5.250      4.000      4.000      3.000      0.000      0.019      0.981      3.000
     4.750      2.333      3.000      2.750      0.746      0.000      0.254      1.000
     6.250      2.000      2.000      1.500      1.000      0.000      0.000      1.000
     6.750      4.000      3.750      4.000      0.000      0.439      0.561      3.000
     5.750      4.333      4.000      4.250      0.000      0.833      0.167      2.000
     7.000      4.000      4.000      4.000      0.000      0.620      0.380      2.000
     3.500      3.333      4.750      4.500      0.000      0.779      0.221      2.000
     5.250      4.000      3.750      4.000      0.000      0.291      0.709      3.000
     3.500      3.333      4.500      4.250      0.000      0.427      0.573      3.000
     5.000      4.000      5.000      4.500      0.000      0.982      0.018      2.000
     3.750      1.667      2.250      1.750      1.000      0.000      0.000      1.000
     4.250      2.000      2.000      2.000      1.000      0.000      0.000      1.000
     6.250      4.000      4.000      3.250      0.000      0.069      0.931      3.000
     5.750      4.000      4.000      3.250      0.000      0.056      0.944      3.000
     6.000      3.667      3.250      2.500      0.055      0.000      0.945      3.000
     6.250      2.667      4.000      3.500      0.000      0.010      0.990      3.000
     7.000      4.333      5.000      5.000      0.000      0.999      0.001      2.000
     4.000      2.000      2.000      2.000      1.000      0.000      0.000      1.000
     4.500      2.000      2.750      2.500      0.993      0.000      0.007      1.000
     7.000      4.333      4.000      2.750      0.000      0.032      0.968      3.000
     7.000      5.000      4.000      4.500      0.000      0.989      0.011      2.000
     5.500      4.000      3.750      3.250      0.000      0.028      0.972      3.000
     5.000      3.000      2.250      1.750      1.000      0.000      0.000      1.000
     4.500      4.000      3.500      3.750      0.000      0.059      0.941      3.000
     1.750      1.667      3.500      2.000      0.994      0.000      0.006      1.000
     5.750      4.667      4.000      3.250      0.000      0.205      0.795      3.000
     5.750      3.000      3.250      2.500      0.319      0.000      0.681      3.000
     4.750      3.000      4.250      3.750      0.000      0.049      0.951      3.000
     6.500      3.667      4.000      4.500      0.000      0.801      0.199      2.000
     5.000      3.000      3.250      2.750      0.088      0.000      0.912      3.000
     7.000      5.000      5.000      5.000      0.000      1.000      0.000      2.000
     5.500      3.333      4.500      4.500      0.000      0.816      0.184      2.000
     5.750      3.333      3.000      2.500      0.384      0.000      0.616      3.000
     4.000      4.667      5.000      4.750      0.000      0.997      0.003      2.000
     7.000      4.000      3.500      3.750      0.000      0.155      0.845      3.000
     6.250      2.000      2.500      2.500      0.998      0.000      0.002      1.000
     7.000      4.333      4.750      4.750      0.000      0.997      0.003      2.000
     4.250      4.000      4.500      4.750      0.000      0.966      0.034      2.000
     5.000      2.000      4.250      3.750      0.000      0.006      0.994      3.000
     6.000      4.667      4.000      4.250      0.000      0.920      0.080      2.000
     6.250      4.000      4.000      4.000      0.000      0.542      0.458      2.000
     4.500      2.333      4.000      2.750      0.014      0.000      0.986      3.000
     5.500      3.333      4.500      3.750      0.000      0.217      0.783      3.000
     5.750      3.667      3.750      3.500      0.000      0.037      0.963      3.000
     6.000      4.333      4.500      4.250      0.000      0.951      0.049      2.000
     7.000      3.333      4.000      4.000      0.000      0.275      0.725      3.000
     5.500      4.000      3.500      3.750      0.000      0.088      0.912      3.000
     6.500      4.333      5.000      5.000      0.000      0.999      0.001      2.000
     6.250      3.000      2.250      3.000      0.808      0.000      0.192      1.000
     4.750      3.667      4.500      4.250      0.000      0.726      0.274      2.000
     6.250      4.000      3.750      3.250      0.000      0.038      0.962      3.000
     5.750      3.333      3.500      3.250      0.000      0.004      0.996      3.000
     5.250      3.667      4.000      3.750      0.000      0.128      0.872      3.000
     4.750      3.667      4.500      3.500      0.000      0.142      0.858      3.000
     6.000      3.333      3.500      4.250      0.000      0.150      0.850      3.000
     7.000      4.000      3.500      3.000      0.000      0.011      0.988      3.000
     4.500      2.333      2.500      2.000      1.000      0.000      0.000      1.000
     5.750      4.000      3.750      3.750      0.000      0.168      0.832      3.000
     5.500      4.000      5.000      5.000      0.000      0.998      0.002      2.000
     5.000      2.333      3.000      2.250      0.985      0.000      0.015      1.000
     3.750      2.667      3.750      4.000      0.000      0.011      0.989      3.000
     6.500      4.000      4.000      4.000      0.000      0.568      0.432      2.000
     6.000      3.667      4.000      3.250      0.000      0.031      0.969      3.000
     6.000      3.667      4.000      3.750      0.000      0.169      0.831      3.000
     4.250      2.333      2.500      2.250      0.999      0.000      0.001      1.000
     4.750      3.333      3.750      4.000      0.000      0.071      0.929      3.000
     4.000      3.000      2.750      2.750      0.577      0.000      0.423      1.000
     5.750      3.667      2.750      3.000      0.035      0.000      0.965      3.000
     7.000      4.667      5.000      4.000      0.000      0.989      0.011      2.000
     7.000      5.000      4.750      4.000      0.000      0.990      0.010      2.000
     6.250      4.333      3.500      4.500      0.000      0.815      0.185      2.000
     5.750      1.667      2.000      2.000      1.000      0.000      0.000      1.000
     6.000      4.000      4.750      4.250      0.000      0.946      0.054      2.000
     7.000      5.000      4.250      3.500      0.000      0.812      0.188      2.000
     6.750      4.333      4.500      4.500      0.000      0.985      0.015      2.000
     5.500      1.667      4.000      3.000      0.024      0.000      0.976      3.000
     4.750      3.333      4.000      2.750      0.001      0.001      0.998      3.000
     6.000      1.333      1.250      1.000      1.000      0.000      0.000      1.000
     6.500      4.000      4.250      4.000      0.000      0.712      0.288      2.000
     5.500      3.333      3.750      4.000      0.000      0.096      0.904      3.000
     6.000      2.333      4.000      2.750      0.014      0.000      0.985      3.000
     5.500      4.000      3.750      3.750      0.000      0.153      0.847      3.000
     6.000      3.667      3.750      4.000      0.000      0.214      0.786      3.000
     6.000      4.000      5.000      4.750      0.000      0.995      0.005      2.000
     3.000      3.333      4.750      3.500      0.000      0.066      0.934      3.000
     4.500      3.000      2.500      2.250      0.992      0.000      0.008      1.000
     5.250      4.667      3.500      4.500      0.000      0.856      0.144      2.000
     5.000      3.667      4.000      3.750      0.000      0.117      0.883      3.000
     5.750      3.667      4.750      4.500      0.000      0.951      0.049      2.000
     4.250      2.333      3.750      3.500      0.000      0.001      0.998      3.000
     5.250      2.333      4.000      4.000      0.000      0.020      0.980      3.000
     4.750      2.333      5.000      2.250      0.002      0.000      0.998      3.000
     5.250      2.000      2.250      2.000      1.000      0.000      0.000      1.000
     5.250      3.667      3.750      3.250      0.000      0.012      0.988      3.000
     4.000      4.333      4.500      4.000      0.000      0.767      0.233      2.000
     6.250      3.667      4.250      3.250      0.000      0.063      0.937      3.000
     4.000      2.000      2.750      1.500      1.000      0.000      0.000      1.000
     4.250      3.000      3.750      3.500      0.000      0.005      0.995      3.000
     5.250      4.000      4.000      4.000      0.000      0.435      0.565      3.000
     4.000      2.667      3.500      3.250      0.003      0.000      0.996      3.000
     4.000      1.667      2.750      1.750      1.000      0.000      0.000      1.000
     6.250      3.667      5.000      4.250      0.000      0.947      0.053      2.000
     6.750      2.333      3.000      2.000      0.997      0.000      0.003      1.000
     6.000      4.333      3.250      3.750      0.000      0.117      0.883      3.000
     5.500      3.000      4.000      3.750      0.000      0.037      0.963      3.000
     5.750      3.667      4.250      3.750      0.000      0.255      0.745      3.000
     5.750      1.333      1.750      1.000      1.000      0.000      0.000      1.000
     5.250      3.333      2.750      3.250      0.021      0.000      0.979      3.000
     4.750      1.667      4.500      3.750      0.000      0.005      0.995      3.000
     5.000      3.333      2.500      3.500      0.016      0.001      0.983      3.000
     7.000      5.000      4.750      5.000      0.000      1.000      0.000      2.000
     5.500      3.667      4.000      4.000      0.000      0.292      0.708      3.000
     5.500      2.667      4.000      3.750      0.000      0.018      0.982      3.000
     7.000      3.667      4.000      3.250      0.000      0.047      0.953      3.000
     6.000      3.000      2.500      2.500      0.962      0.000      0.038      1.000
     6.750      3.000      2.000      1.750      1.000      0.000      0.000      1.000
     4.500      3.000      4.000      3.500      0.000      0.010      0.990      3.000
     2.750      2.667      2.500      2.000      0.999      0.000      0.001      1.000
     5.500      2.333      3.500      3.250      0.009      0.000      0.991      3.000
     4.000      1.667      3.750      3.250      0.018      0.000      0.982      3.000
     5.750      3.667      4.000      4.000      0.000      0.315      0.685      3.000
     7.000      3.000      4.000      3.500      0.000      0.028      0.972      3.000
     6.000      3.667      3.750      3.000      0.000      0.007      0.993      3.000
     3.750      3.667      3.500      4.250      0.000      0.122      0.878      3.000
     4.250      2.667      4.000      4.250      0.000      0.063      0.937      3.000
     4.500      3.667      4.250      4.000      0.000      0.335      0.665      3.000
     5.250      3.000      3.250      3.500      0.001      0.002      0.997      3.000
     3.750      5.000      3.000      3.750      0.000      0.104      0.896      3.000
     5.000      3.000      4.000      4.250      0.000      0.163      0.837      3.000
     6.750      3.333      4.000      3.750      0.000      0.119      0.881      3.000
     6.250      3.667      4.250      3.750      0.000      0.298      0.702      3.000
     3.000      1.667      2.250      1.750      1.000      0.000      0.000      1.000
     6.000      3.667      4.000      3.750      0.000      0.169      0.831      3.000
     5.750      4.333      3.500      3.750      0.000      0.183      0.817      3.000
     4.000      4.000      4.000      4.000      0.000      0.310      0.690      3.000
     4.750      3.667      3.750      3.750      0.000      0.059      0.941      3.000
     4.000      3.333      4.250      2.750      0.000      0.002      0.998      3.000
     5.250      4.000      4.000      3.500      0.000      0.108      0.892      3.000
     5.750      3.333      3.750      3.250      0.000      0.007      0.993      3.000
     4.000      5.000      4.500      5.000      0.000      0.998      0.002      2.000
     7.000      3.000      3.000      3.750      0.001      0.006      0.993      3.000
     4.500      3.000      4.750      4.250      0.000      0.509      0.491      2.000
     6.750      4.333      4.250      4.750      0.000      0.989      0.011      2.000
     3.250      2.000      3.500      4.000      0.000      0.001      0.999      3.000
     5.500      3.333      4.000      3.500      0.000      0.030      0.970      3.000
     5.000      3.333      3.750      3.500      0.000      0.013      0.987      3.000
     6.000      3.000      2.250      2.250      0.998      0.000      0.002      1.000
     5.250      4.667      4.250      4.250      0.000      0.940      0.060      2.000
     3.000      4.000      4.000      4.000      0.000      0.226      0.774      3.000
     6.500      4.000      4.000      4.000      0.000      0.568      0.432      2.000
     5.750      4.333      4.500      4.250      0.000      0.946      0.054      2.000
     5.500      4.000      4.500      3.500      0.000      0.322      0.678      3.000
     4.250      3.000      4.750      3.750      0.000      0.128      0.872      3.000
     4.750      3.333      3.500      3.750      0.000      0.016      0.984      3.000
     4.750      3.667      3.750      3.250      0.000      0.010      0.990      3.000
     6.750      4.667      5.000      4.750      0.000      0.999      0.001      2.000
     5.000      3.667      5.000      4.250      0.000      0.912      0.088      2.000
     5.750      2.667      4.000      3.750      0.000      0.020      0.980      3.000
     6.500      5.000      3.750      4.250      0.000      0.940      0.060      2.000
     4.750      3.000      3.250      3.750      0.000      0.004      0.996      3.000
     5.000      3.333      3.500      3.750      0.000      0.018      0.982      3.000
     4.750      3.667      4.750      5.000      0.000      0.988      0.012      2.000
     4.000      3.000      4.000      3.000      0.000      0.001      0.998      3.000
     4.250      2.667      2.250      3.000      0.921      0.000      0.079      1.000
     6.000      3.333      3.000      3.500      0.001      0.003      0.996      3.000
     6.000      4.000      3.500      3.500      0.000      0.045      0.955      3.000
     6.000      3.333      3.250      3.000      0.007      0.001      0.992      3.000
     5.750      3.667      3.750      4.000      0.000      0.197      0.803      3.000
     5.000      3.667      4.250      4.000      0.000      0.384      0.616      3.000
     7.000      3.000      5.000      3.750      0.000      0.473      0.527      3.000
     4.500      3.667      3.500      3.000      0.001      0.002      0.997      3.000
     6.750      2.667      2.750      2.000      0.998      0.000      0.002      1.000
     6.500      4.000      4.000      4.500      0.000      0.893      0.107      2.000
     6.250      4.333      3.750      4.250      0.000      0.767      0.233      2.000
     5.500      2.667      3.750      3.250      0.001      0.002      0.998      3.000
     6.000      4.333      4.000      3.500      0.000      0.258      0.742      3.000
     6.750      3.333      4.250      4.250      0.000      0.616      0.384      2.000
     5.250      3.000      3.250      3.000      0.020      0.000      0.980      3.000
     4.750      3.333      4.500      3.250      0.000      0.031      0.969      3.000
     5.500      3.667      3.500      3.500      0.000      0.018      0.982      3.000
     7.000      3.333      2.000      2.000      1.000      0.000      0.000      1.000
     4.500      3.000      4.000      3.750      0.000      0.024      0.976      3.000
     6.000      4.333      4.250      3.750      0.000      0.622      0.378      2.000
     7.000      3.333      2.500      2.500      0.901      0.000      0.099      1.000
     5.750      3.000      3.750      3.500      0.000      0.009      0.991      3.000
     6.000      3.000      4.000      3.750      0.000      0.045      0.955      3.000
     5.000      4.000      4.000      3.250      0.000      0.041      0.958      3.000
     5.250      3.667      3.500      4.000      0.000      0.095      0.905      3.000
     5.500      4.000      4.250      3.750      0.000      0.390      0.610      3.000
     5.000      3.667      3.750      3.250      0.000      0.011      0.989      3.000
     6.000      3.333      3.250      2.500      0.142      0.000      0.858      3.000
     3.250      2.000      1.750      2.250      1.000      0.000      0.000      1.000
     6.500      5.000      5.000      5.000      0.000      1.000      0.000      2.000
     4.250      4.000      4.000      3.500      0.000      0.073      0.927      3.000
     5.750      2.333      2.750      2.250      0.996      0.000      0.004      1.000
     6.000      3.333      3.750      2.500      0.011      0.001      0.988      3.000
     4.750      2.667      3.500      2.750      0.067      0.000      0.933      3.000
     5.000      4.333      4.000      4.000      0.000      0.589      0.411      2.000
     4.750      4.333      4.500      3.750      0.000      0.643      0.357      2.000
     4.500      3.333      4.000      4.000      0.000      0.114      0.886      3.000
     6.000      4.000      3.500      4.000      0.000      0.232      0.768      3.000
     4.000      3.333      4.000      3.000      0.000      0.003      0.997      3.000
     6.750      4.667      4.000      4.750      0.000      0.990      0.010      2.000
     5.000      2.667      2.750      3.000      0.450      0.000      0.550      3.000
     6.000      4.333      4.000      4.250      0.000      0.847      0.153      2.000
     4.500      3.667      3.750      2.750      0.001      0.001      0.998      3.000
     4.750      3.333      4.750      4.250      0.000      0.705      0.295      2.000
     4.000      2.667      4.000      4.000      0.000      0.024      0.976      3.000
     6.750      4.000      3.500      4.000      0.000      0.294      0.706      3.000
     7.000      5.000      4.500      4.750      0.000      0.999      0.001      2.000
     7.000      4.667      4.750      5.000      0.000      0.999      0.001      2.000
     6.750      3.667      3.250      3.000      0.003      0.003      0.995      3.000
     6.000      4.000      3.500      4.000      0.000      0.232      0.768      3.000
     4.000      3.333      5.000      4.750      0.000      0.954      0.046      2.000
     5.500      3.667      4.000      4.000      0.000      0.292      0.708      3.000
     5.500      4.000      3.750      3.750      0.000      0.153      0.847      3.000
     5.000      4.000      4.000      4.000      0.000      0.409      0.591      3.000
     4.750      4.667      4.250      3.750      0.000      0.666      0.334      2.000
     5.250      4.000      4.250      3.500      0.000      0.185      0.815      3.000
     5.500      2.000      2.250      3.000      0.990      0.000      0.010      1.000
     4.750      3.667      3.500      3.750      0.000      0.033      0.967      3.000
     4.000      3.000      4.500      3.750      0.000      0.066      0.934      3.000
     4.000      2.000      5.000      3.250      0.000      0.004      0.996      3.000
     5.500      3.000      3.250      2.750      0.088      0.000      0.911      3.000
