     6.500      2.000      2.250      2.000      0.075      0.924      0.000      0.000      0.000      0.000      0.000      2.000
     6.250      3.000      3.750      3.000      0.000      0.000      0.039      0.000      0.794      0.167      0.000      5.000
     5.750      3.667      3.500      3.750      0.000      0.000      0.001      0.002      0.035      0.962      0.000      6.000
     5.500      2.667      3.000      2.500      0.000      0.482      0.001      0.000      0.517      0.000      0.000      5.000
     5.500      4.000      3.500      3.750      0.000      0.000      0.000      0.002      0.011      0.987      0.000      6.000
     6.500      3.667      3.250      3.500      0.000      0.000      0.000      0.000      0.240      0.760      0.000      6.000
     5.250      1.000      1.750      1.000      1.000      0.000      0.000      0.000      0.000      0.000      0.000      1.000
     7.000      3.333      4.000      2.750      0.000      0.000      0.006      0.000      0.645      0.348      0.000      5.000
     6.500      2.333      2.500      2.000      0.005      0.991      0.000      0.000      0.004      0.000      0.000      2.000
     7.000      3.000      3.000      3.500      0.000      0.002      0.001      0.000      0.901      0.097      0.000      5.000
     6.000      2.333      3.750      2.500      0.000      0.045      0.121      0.000      0.833      0.002      0.000      5.000
     4.750      2.667      2.000      2.000      0.050      0.949      0.000      0.000      0.000      0.000      0.000      2.000
     6.750      2.667      3.750      2.750      0.000      0.003      0.026      0.000      0.952      0.019      0.000      5.000
     6.250      3.667      4.000      3.000      0.000      0.000      0.004      0.003      0.144      0.849      0.000      6.000
     5.250      4.000      4.250      5.000      0.000      0.000      0.000      0.376      0.000      0.130      0.494      7.000
     6.500      5.000      4.000      4.500      0.000      0.000      0.000      0.002      0.000      0.075      0.923      7.000
     6.250      1.333      2.250      1.750      0.807      0.193      0.000      0.000      0.000      0.000      0.000      1.000
     7.000      4.000      3.250      3.500      0.000      0.000      0.000      0.000      0.091      0.909      0.000      6.000
     5.750      1.667      2.250      1.500      0.746      0.254      0.000      0.000      0.000      0.000      0.000      1.000
     6.250      2.667      4.000      1.500      0.000      0.149      0.006      0.000      0.844      0.000      0.000      5.000
     5.000      4.000      3.000      3.000      0.000      0.000      0.000      0.000      0.675      0.324      0.000      5.000
     6.000      4.000      3.750      2.750      0.000      0.000      0.000      0.000      0.288      0.711      0.000      6.000
     5.500      2.667      2.750      1.250      0.008      0.990      0.000      0.000      0.002      0.000      0.000      2.000
     4.750      2.333      3.000      1.750      0.004      0.986      0.000      0.000      0.010      0.000      0.000      2.000
     5.500      4.000      3.500      4.000      0.000      0.000      0.000      0.004      0.003      0.992      0.000      6.000
     6.750      4.333      4.250      4.500      0.000      0.000      0.000      0.024      0.000      0.180      0.795      7.000
     5.750      4.000      3.250      3.250      0.000      0.000      0.000      0.000      0.217      0.783      0.000      6.000
     6.250      3.667      3.500      2.000      0.000      0.006      0.000      0.000      0.985      0.009      0.000      5.000
     5.250      3.000      2.750      3.000      0.000      0.119      0.001      0.000      0.876      0.004      0.000      5.000
     5.750      2.333      2.000      2.000      0.098      0.902      0.000      0.000      0.000      0.000      0.000      2.000
     6.750      3.000      3.500      3.250      0.000      0.000      0.007      0.000      0.801      0.192      0.000      5.000
     5.750      2.667      4.000      2.500      0.000      0.003      0.260      0.000      0.724      0.013      0.000      5.000
     6.000      4.333      3.750      3.000      0.000      0.000      0.000      0.001      0.038      0.961      0.000      6.000
     6.000      2.667      4.000      3.750      0.000      0.000      0.598      0.019      0.064      0.319      0.000      3.000
     6.000      3.667      4.000      3.500      0.000      0.000      0.003      0.014      0.017      0.966      0.000      6.000
     7.000      3.667      4.000      3.750      0.000      0.000      0.000      0.008      0.006      0.983      0.002      6.000
     4.500      1.333      2.250      2.000      0.885      0.115      0.000      0.000      0.000      0.000      0.000      1.000
     6.000      4.000      3.250      3.250      0.000      0.000      0.000      0.000      0.221      0.779      0.000      6.000
     4.000      3.000      3.250      3.000      0.000      0.014      0.117      0.000      0.837      0.032      0.000      5.000
     5.500      4.000      4.000      3.750      0.000      0.000      0.001      0.033      0.002      0.962      0.003      6.000
     7.000      5.000      5.000      5.000      0.000      0.000      0.000      0.000      0.000      0.000      1.000      7.000
     5.250      4.000      4.000      3.250      0.000      0.000      0.002      0.014      0.015      0.969      0.000      6.000
     7.000      3.000      2.750      2.750      0.000      0.147      0.000      0.000      0.852      0.001      0.000      5.000
     5.750      3.000      3.500      3.500      0.000      0.000      0.061      0.001      0.518      0.420      0.000      5.000
     5.250      2.667      2.250      3.000      0.000      0.884      0.000      0.000      0.115      0.000      0.000      2.000
     7.000      2.333      2.500      2.250      0.002      0.985      0.000      0.000      0.013      0.000      0.000      2.000
     6.000      4.000      3.750      3.750      0.000      0.000      0.000      0.005      0.004      0.990      0.001      6.000
     7.000      3.000      3.500      2.250      0.000      0.023      0.000      0.000      0.975      0.002      0.000      5.000
     5.000      1.667      1.500      1.500      0.995      0.005      0.000      0.000      0.000      0.000      0.000      1.000
     7.000      2.000      3.750      2.500      0.000      0.114      0.056      0.000      0.829      0.000      0.000      5.000
     7.000      4.333      4.750      4.250      0.000      0.000      0.000      0.028      0.000      0.031      0.941      7.000
     7.000      3.000      3.500      3.000      0.000      0.001      0.003      0.000      0.926      0.070      0.000      5.000
     5.500      4.333      3.750      3.750      0.000      0.000      0.000      0.006      0.001      0.990      0.002      6.000
     6.500      2.333      3.000      2.000      0.000      0.946      0.000      0.000      0.054      0.000      0.000      2.000
     5.500      3.667      3.750      3.500      0.000      0.000      0.004      0.006      0.041      0.949      0.000      6.000
     6.500      2.333      2.250      1.750      0.037      0.962      0.000      0.000      0.000      0.000      0.000      2.000
     6.000      4.000      4.000      4.000      0.000      0.000      0.000      0.032      0.001      0.954      0.012      6.000
     5.500      4.000      3.750      3.250      0.000      0.000      0.001      0.003      0.039      0.958      0.000      6.000
     5.500      4.333      3.750      3.500      0.000      0.000      0.000      0.004      0.004      0.992      0.001      6.000
     6.250      3.667      3.250      3.750      0.000      0.000      0.000      0.000      0.091      0.909      0.000      6.000
     2.000      1.667      2.500      1.500      0.943      0.057      0.000      0.000      0.000      0.000      0.000      1.000
     6.250      3.000      3.000      3.000      0.000      0.022      0.001      0.000      0.966      0.012      0.000      5.000
     7.000      4.000      4.000      4.000      0.000      0.000      0.000      0.011      0.001      0.961      0.028      6.000
     6.000      3.667      3.250      3.000      0.000      0.000      0.000      0.000      0.743      0.257      0.000      5.000
     5.000      2.667      2.500      2.250      0.002      0.977      0.000      0.000      0.022      0.000      0.000      2.000
     5.250      3.333      2.500      2.250      0.000      0.724      0.000      0.000      0.276      0.000      0.000      2.000
     5.750      3.667      4.000      4.000      0.000      0.000      0.002      0.056      0.002      0.938      0.003      6.000
     4.000      1.667      1.500      1.000      0.999      0.001      0.000      0.000      0.000      0.000      0.000      1.000
     7.000      5.000      5.000      5.000      0.000      0.000      0.000      0.000      0.000      0.000      1.000      7.000
     7.000      4.333      3.750      3.750      0.000      0.000      0.000      0.001      0.001      0.990      0.008      6.000
     5.250      4.000      3.250      3.250      0.000      0.000      0.000      0.000      0.209      0.790      0.000      6.000
     5.250      3.667      4.000      4.500      0.000      0.000      0.002      0.236      0.000      0.747      0.015      6.000
     6.000      3.667      3.250      2.500      0.000      0.003      0.000      0.000      0.962      0.035      0.000      5.000
     6.000      3.000      4.000      4.250      0.000      0.000      0.074      0.110      0.005      0.811      0.001      6.000
     6.250      3.000      3.250      2.750      0.000      0.016      0.001      0.000      0.973      0.010      0.000      5.000
     5.250      4.000      3.750      3.000      0.000      0.000      0.001      0.002      0.108      0.888      0.000      6.000
     5.750      2.000      2.000      2.000      0.326      0.674      0.000      0.000      0.000      0.000      0.000      2.000
     6.500      3.333      4.000      3.500      0.000      0.000      0.012      0.010      0.055      0.923      0.000      6.000
     5.250      3.667      3.250      2.750      0.000      0.001      0.001      0.000      0.891      0.107      0.000      5.000
     4.750      1.667      1.750      1.500      0.986      0.014      0.000      0.000      0.000      0.000      0.000      1.000
     7.000      5.000      4.000      4.000      0.000      0.000      0.000      0.002      0.000      0.375      0.623      7.000
     6.250      4.667      4.250      3.500      0.000      0.000      0.000      0.017      0.000      0.898      0.084      6.000
     6.750      4.667      4.250      4.250      0.000      0.000      0.000      0.010      0.000      0.162      0.828      7.000
     5.500      3.333      3.000      3.250      0.000      0.003      0.001      0.000      0.880      0.116      0.000      5.000
     7.000      2.667      2.750      2.500      0.000      0.648      0.000      0.000      0.352      0.000      0.000      2.000
     5.500      3.667      4.000      4.000      0.000      0.000      0.003      0.072      0.002      0.921      0.002      6.000
     5.500      3.000      3.000      3.000      0.000      0.031      0.002      0.000      0.955      0.012      0.000      5.000
     6.000      3.000      2.750      2.500      0.000      0.419      0.000      0.000      0.580      0.000      0.000      5.000
     4.500      2.333      3.000      3.250      0.000      0.187      0.145      0.000      0.665      0.003      0.000      5.000
     6.250      3.333      3.750      3.000      0.000      0.000      0.010      0.000      0.585      0.404      0.000      5.000
     4.750      2.667      2.750      2.500      0.000      0.830      0.000      0.000      0.169      0.000      0.000      2.000
     5.500      4.000      4.750      3.750      0.000      0.000      0.001      0.639      0.000      0.296      0.065      4.000
     6.250      3.667      2.500      2.250      0.000      0.302      0.000      0.000      0.698      0.000      0.000      5.000
     5.000      3.000      3.000      3.000      0.000      0.038      0.005      0.000      0.945      0.013      0.000      5.000
     6.750      3.000      3.000      3.000      0.000      0.018      0.000      0.000      0.971      0.011      0.000      5.000
     5.750      3.667      3.750      3.750      0.000      0.000      0.002      0.008      0.014      0.976      0.000      6.000
     5.500      2.333      2.500      2.000      0.012      0.986      0.000      0.000      0.003      0.000      0.000      2.000
     7.000      4.000      4.000      3.000      0.000      0.000      0.000      0.001      0.052      0.946      0.000      6.000
     6.000      3.667      3.750      3.500      0.000      0.000      0.002      0.004      0.043      0.952      0.000      6.000
     5.250      2.000      3.000      2.000      0.006      0.986      0.000      0.000      0.008      0.000      0.000      2.000
     6.000      4.000      4.000      3.500      0.000      0.000      0.000      0.011      0.005      0.982      0.001      6.000
     5.750      4.000      3.250      3.500      0.000      0.000      0.000      0.000      0.082      0.917      0.000      6.000
     5.500      2.000      2.500      2.250      0.025      0.974      0.000      0.000      0.002      0.000      0.000      2.000
     7.000      5.000      4.750      5.000      0.000      0.000      0.000      0.000      0.000      0.000      1.000      7.000
     6.750      4.667      4.250      3.500      0.000      0.000      0.000      0.010      0.000      0.869      0.121      6.000
     4.500      4.000      4.250      3.750      0.000      0.000      0.004      0.293      0.000      0.700      0.004      6.000
     7.000      2.000      3.000      1.500      0.007      0.991      0.000      0.000      0.002      0.000      0.000      2.000
     6.000      3.667      3.500      2.250      0.000      0.002      0.000      0.000      0.968      0.029      0.000      5.000
     6.750      4.333      4.000      2.500      0.000      0.000      0.000      0.000      0.136      0.864      0.000      6.000
     4.500      2.000      2.000      1.500      0.852      0.148      0.000      0.000      0.000      0.000      0.000      1.000
     7.000      2.333      2.500      1.750      0.008      0.990      0.000      0.000      0.002      0.000      0.000      2.000
     4.500      2.000      3.000      2.000      0.011      0.983      0.000      0.000      0.006      0.000      0.000      2.000
     6.000      3.333      2.750      2.250      0.000      0.333      0.000      0.000      0.667      0.000      0.000      5.000
     7.000      5.000      4.750      4.750      0.000      0.000      0.000      0.000      0.000      0.000      0.999      7.000
     6.000      4.000      3.500      3.000      0.000      0.000      0.000      0.000      0.253      0.746      0.000      6.000
     7.000      3.000      3.000      2.250      0.000      0.251      0.000      0.000      0.749      0.000      0.000      5.000
     5.500      4.000      3.500      4.000      0.000      0.000      0.000      0.004      0.003      0.992      0.000      6.000
     5.250      2.333      2.250      2.000      0.046      0.953      0.000      0.000      0.001      0.000      0.000      2.000
     7.000      1.667      1.500      1.500      0.976      0.024      0.000      0.000      0.000      0.000      0.000      1.000
     6.250      3.667      4.250      3.750      0.000      0.000      0.002      0.071      0.002      0.920      0.005      6.000
     5.750      3.000      3.500      2.250      0.000      0.038      0.003      0.000      0.956      0.003      0.000      5.000
     4.750      3.667      3.500      3.500      0.000      0.000      0.008      0.003      0.093      0.896      0.000      6.000
     5.500      2.667      3.000      2.000      0.000      0.873      0.000      0.000      0.127      0.000      0.000      2.000
     4.500      1.000      1.500      1.250      1.000      0.000      0.000      0.000      0.000      0.000      0.000      1.000
     7.000      3.667      3.500      2.750      0.000      0.000      0.000      0.000      0.791      0.209      0.000      5.000
     5.500      3.667      4.000      4.250      0.000      0.000      0.002      0.119      0.000      0.872      0.007      6.000
     6.750      4.333      4.750      4.750      0.000      0.000      0.000      0.013      0.000      0.004      0.983      7.000
     7.000      3.667      3.750      4.000      0.000      0.000      0.000      0.004      0.005      0.989      0.002      6.000
     5.500      4.333      4.000      4.250      0.000      0.000      0.000      0.066      0.000      0.840      0.094      6.000
     5.500      3.667      3.250      2.750      0.000      0.001      0.000      0.000      0.894      0.104      0.000      5.000
     6.000      3.667      4.250      4.250      0.000      0.000      0.001      0.228      0.000      0.734      0.036      6.000
     6.000      3.667      1.500      1.500      0.011      0.989      0.000      0.000      0.000      0.000      0.000      2.000
     6.000      2.000      2.000      2.000      0.285      0.715      0.000      0.000      0.000      0.000      0.000      2.000
     7.000      3.667      3.250      3.750      0.000      0.000      0.000      0.000      0.097      0.903      0.000      6.000
     7.000      3.000      3.250      3.000      0.000      0.004      0.001      0.000      0.967      0.028      0.000      5.000
     5.250      1.667      2.000      1.250      0.968      0.032      0.000      0.000      0.000      0.000      0.000      1.000
     5.500      3.000      4.000      4.000      0.000      0.000      0.216      0.092      0.013      0.679      0.000      6.000
     5.500      3.333      3.750      3.000      0.000      0.000      0.037      0.001      0.553      0.409      0.000      5.000
     4.000      1.667      3.750      3.500      0.000      0.000      0.999      0.000      0.001      0.000      0.000      3.000
     6.000      2.333      2.750      1.750      0.005      0.990      0.000      0.000      0.004      0.000      0.000      2.000
     3.250      2.000      4.000      2.750      0.000      0.000      0.998      0.000      0.002      0.000      0.000      3.000
     4.750      3.667      4.000      4.000      0.000      0.000      0.011      0.152      0.001      0.835      0.001      6.000
     6.000      3.000      3.250      3.000      0.000      0.007      0.004      0.000      0.959      0.031      0.000      5.000
     6.000      4.000      4.000      4.000      0.000      0.000      0.000      0.032      0.001      0.954      0.012      6.000
     2.750      3.000      4.000      3.750      0.000      0.000      0.951      0.031      0.001      0.018      0.000      3.000
     7.000      5.000      4.000      4.000      0.000      0.000      0.000      0.002      0.000      0.375      0.623      7.000
     5.500      3.333      3.500      3.750      0.000      0.000      0.014      0.003      0.104      0.879      0.000      6.000
     6.250      4.000      3.750      3.500      0.000      0.000      0.000      0.002      0.014      0.984      0.000      6.000
     6.000      4.000      2.750      2.750      0.000      0.004      0.000      0.000      0.944      0.052      0.000      5.000
     5.250      2.333      4.250      3.250      0.000      0.000      0.986      0.001      0.009      0.004      0.000      3.000
     5.000      3.000      4.000      3.250      0.000      0.000      0.603      0.011      0.134      0.252      0.000      3.000
     6.000      4.667      4.750      4.250      0.000      0.000      0.000      0.038      0.000      0.018      0.944      7.000
     7.000      4.000      4.250      4.000      0.000      0.000      0.000      0.038      0.000      0.854      0.108      6.000
     4.500      3.333      3.500      3.000      0.000      0.001      0.064      0.000      0.713      0.223      0.000      5.000
     3.750      3.000      4.500      3.500      0.000      0.000      0.876      0.103      0.000      0.020      0.000      3.000
     5.250      2.333      2.250      2.250      0.022      0.976      0.000      0.000      0.002      0.000      0.000      2.000
     6.500      3.667      4.500      4.750      0.000      0.000      0.000      0.322      0.000      0.150      0.528      7.000
     5.750      2.667      3.250      2.000      0.000      0.619      0.000      0.000      0.380      0.000      0.000      2.000
     7.000      3.333      3.750      2.500      0.000      0.001      0.001      0.000      0.936      0.063      0.000      5.000
     5.000      3.333      4.000      3.750      0.000      0.000      0.094      0.084      0.014      0.808      0.000      6.000
     6.000      4.333      5.000      5.000      0.000      0.000      0.000      0.026      0.000      0.000      0.973      7.000
     4.000      3.000      2.750      2.000      0.001      0.927      0.000      0.000      0.073      0.000      0.000      2.000
     5.500      3.667      3.250      3.000      0.000      0.000      0.001      0.000      0.733      0.265      0.000      5.000
     6.000      4.000      4.750      5.000      0.000      0.000      0.000      0.130      0.000      0.007      0.864      7.000
     4.250      1.333      1.750      1.000      1.000      0.000      0.000      0.000      0.000      0.000      0.000      1.000
     6.000      4.000      4.000      4.000      0.000      0.000      0.000      0.032      0.001      0.954      0.012      6.000
     4.000      4.000      4.000      4.500      0.000      0.000      0.001      0.486      0.000      0.498      0.015      6.000
     5.000      3.333      2.750      3.500      0.000      0.004      0.001      0.000      0.854      0.140      0.000      5.000
     6.000      4.000      4.000      4.000      0.000      0.000      0.000      0.032      0.001      0.954      0.012      6.000
     4.000      3.667      5.000      3.750      0.000      0.000      0.010      0.973      0.000      0.016      0.001      4.000
     4.250      4.000      4.500      4.000      0.000      0.000      0.002      0.782      0.000      0.203      0.012      4.000
     6.000      3.667      3.000      3.000      0.000      0.001      0.000      0.000      0.881      0.117      0.000      5.000
     4.000      2.333      4.750      4.500      0.000      0.000      0.793      0.206      0.000      0.001      0.000      3.000
     6.000      4.000      3.750      3.750      0.000      0.000      0.000      0.005      0.004      0.990      0.001      6.000
     4.750      4.000      4.500      4.250      0.000      0.000      0.001      0.745      0.000      0.195      0.059      4.000
     6.000      4.667      5.000      5.000      0.000      0.000      0.000      0.005      0.000      0.000      0.995      7.000
     4.000      4.000      4.500      4.250      0.000      0.000      0.001      0.883      0.000      0.099      0.017      4.000
     4.500      2.667      1.750      2.500      0.045      0.954      0.000      0.000      0.001      0.000      0.000      2.000
     6.250      3.333      3.000      2.750      0.000      0.016      0.000      0.000      0.972      0.012      0.000      5.000
     5.750      3.667      3.250      3.250      0.000      0.000      0.001      0.000      0.477      0.522      0.000      6.000
     5.750      4.000      3.500      3.500      0.000      0.000      0.000      0.001      0.033      0.966      0.000      6.000
     4.500      3.667      2.750      3.500      0.000      0.001      0.001      0.000      0.638      0.360      0.000      5.000
     4.750      3.667      3.750      4.000      0.000      0.000      0.007      0.043      0.004      0.946      0.000      6.000
     5.250      4.000      3.500      3.000      0.000      0.000      0.001      0.000      0.240      0.759      0.000      6.000
     5.500      3.333      4.000      3.500      0.000      0.000      0.062      0.029      0.047      0.861      0.000      6.000
     4.500      4.000      4.250      4.250      0.000      0.000      0.001      0.545      0.000      0.429      0.024      4.000
     5.000      4.000      4.500      4.250      0.000      0.000      0.000      0.678      0.000      0.235      0.087      4.000
     5.000      3.333      3.500      3.750      0.000      0.000      0.033      0.006      0.098      0.864      0.000      6.000
     2.000      3.000      4.000      3.250      0.000      0.000      0.994      0.003      0.001      0.002      0.000      3.000
     6.750      4.333      3.250      4.500      0.000      0.000      0.000      0.001      0.000      0.987      0.012      6.000
     6.000      3.000      3.250      2.250      0.000      0.120      0.000      0.000      0.879      0.001      0.000      5.000
     5.500      2.667      3.750      2.000      0.000      0.109      0.024      0.000      0.866      0.001      0.000      5.000
     7.000      4.333      4.750      4.250      0.000      0.000      0.000      0.028      0.000      0.031      0.941      7.000
     6.500      4.000      4.500      4.000      0.000      0.000      0.000      0.183      0.000      0.596      0.220      6.000
     5.500      2.333      1.750      1.500      0.662      0.338      0.000      0.000      0.000      0.000      0.000      1.000
     5.500      4.000      3.750      4.000      0.000      0.000      0.000      0.015      0.001      0.982      0.002      6.000
     5.500      2.667      4.000      4.000      0.000      0.000      0.708      0.042      0.014      0.235      0.000      3.000
     6.000      3.667      4.500      4.000      0.000      0.000      0.003      0.399      0.000      0.562      0.036      6.000
     7.000      5.000      5.000      5.000      0.000      0.000      0.000      0.000      0.000      0.000      1.000      7.000
     4.000      2.667      4.250      2.500      0.000      0.000      0.973      0.000      0.025      0.001      0.000      3.000
     3.750      3.000      3.750      3.250      0.000      0.000      0.838      0.003      0.087      0.071      0.000      3.000
     5.250      2.333      4.000      2.750      0.000      0.001      0.840      0.000      0.156      0.003      0.000      3.000
     4.000      2.667      5.000      2.750      0.000      0.000      0.994      0.006      0.000      0.000      0.000      3.000
     4.250      1.667      1.250      1.500      0.999      0.001      0.000      0.000      0.000      0.000      0.000      1.000
     4.750      4.000      4.500      4.000      0.000      0.000      0.001      0.667      0.000      0.304      0.028      4.000
     4.000      3.667      4.500      4.250      0.000      0.000      0.008      0.911      0.000      0.078      0.003      4.000
     6.000      5.000      4.500      4.500      0.000      0.000      0.000      0.005      0.000      0.006      0.989      7.000
     5.500      3.667      4.750      3.750      0.000      0.000      0.007      0.724      0.000      0.255      0.014      4.000
     3.500      2.667      4.250      4.250      0.000      0.000      0.898      0.094      0.000      0.008      0.000      3.000
     4.750      4.667      3.500      4.000      0.000      0.000      0.000      0.005      0.000      0.991      0.004      6.000
     4.750      3.667      5.000      4.500      0.000      0.000      0.000      0.958      0.000      0.007      0.034      4.000
     2.750      3.000      4.000      4.250      0.000      0.000      0.798      0.169      0.000      0.033      0.000      3.000
     5.750      3.333      4.500      4.000      0.000      0.000      0.029      0.533      0.000      0.432      0.006      4.000
     4.000      2.667      4.000      2.750      0.000      0.000      0.944      0.000      0.052      0.003      0.000      3.000
     3.500      2.000      3.000      2.250      0.011      0.977      0.002      0.000      0.010      0.000      0.000      2.000
     5.000      2.333      2.000      2.500      0.041      0.958      0.000      0.000      0.001      0.000      0.000      2.000
     3.000      4.000      4.500      4.000      0.000      0.000      0.005      0.934      0.000      0.060      0.001      4.000
     5.500      4.000      4.000      4.000      0.000      0.000      0.000      0.056      0.000      0.935      0.008      6.000
     4.750      4.333      3.000      3.000      0.000      0.000      0.000      0.000      0.382      0.618      0.000      6.000
     5.000      4.667      5.000      4.750      0.000      0.000      0.000      0.065      0.000      0.001      0.934      7.000
     6.000      4.000      4.000      4.000      0.000      0.000      0.000      0.032      0.001      0.954      0.012      6.000
     4.000      2.333      4.000      3.000      0.000      0.000      0.990      0.000      0.009      0.001      0.000      3.000
     4.000      3.667      4.000      4.000      0.000      0.000      0.032      0.287      0.001      0.680      0.000      6.000
     6.750      4.333      5.000      5.000      0.000      0.000      0.000      0.006      0.000      0.000      0.993      7.000
     4.250      3.333      4.750      3.500      0.000      0.000      0.256      0.667      0.000      0.076      0.000      4.000
     6.000      4.000      4.000      3.500      0.000      0.000      0.000      0.011      0.005      0.982      0.001      6.000
     6.250      4.333      4.250      4.000      0.000      0.000      0.000      0.058      0.000      0.743      0.199      6.000
     4.000      3.667      4.750      4.000      0.000      0.000      0.009      0.953      0.000      0.036      0.002      4.000
     5.250      4.000      5.000      4.750      0.000      0.000      0.000      0.523      0.000      0.005      0.472      4.000
     6.000      4.667      5.000      4.500      0.000      0.000      0.000      0.019      0.000      0.001      0.980      7.000
     3.000      3.333      3.750      1.750      0.000      0.054      0.122      0.000      0.821      0.003      0.000      5.000
     3.250      2.667      3.000      1.750      0.003      0.977      0.000      0.000      0.020      0.000      0.000      2.000
     4.750      2.667      4.000      3.500      0.000      0.000      0.934      0.005      0.022      0.039      0.000      3.000
     5.500      4.000      4.500      4.500      0.000      0.000      0.000      0.503      0.000      0.175      0.322      4.000
     6.250      4.667      4.250      3.750      0.000      0.000      0.000      0.025      0.000      0.744      0.231      6.000
     3.750      3.000      3.500      3.250      0.000      0.001      0.615      0.001      0.291      0.092      0.000      3.000
     4.500      3.000      5.000      4.000      0.000      0.000      0.136      0.856      0.000      0.008      0.000      4.000
     6.000      3.667      3.500      3.750      0.000      0.000      0.001      0.002      0.036      0.962      0.000      6.000
     6.250      4.667      4.750      4.000      0.000      0.000      0.000      0.043      0.000      0.046      0.910      7.000
     4.000      3.333      3.750      4.000      0.000      0.000      0.180      0.099      0.009      0.712      0.000      6.000
     6.250      2.000      2.750      1.500      0.039      0.960      0.000      0.000      0.000      0.000      0.000      2.000
     3.500      2.333      5.000      2.750      0.000      0.000      0.999      0.001      0.000      0.000      0.000      3.000
     4.500      3.667      5.000      3.500      0.000      0.000      0.019      0.933      0.000      0.047      0.002      4.000
     4.000      3.333      3.500      4.000      0.000      0.000      0.119      0.029      0.027      0.825      0.000      6.000
     2.250      2.667      4.250      4.000      0.000      0.000      0.980      0.019      0.000      0.001      0.000      3.000
     3.000      3.333      5.000      3.500      0.000      0.000      0.261      0.733      0.000      0.005      0.000      4.000
     5.750      3.333      4.000      3.250      0.000      0.000      0.055      0.012      0.137      0.796      0.000      6.000
     4.000      3.667      4.000      4.000      0.000      0.000      0.032      0.287      0.001      0.680      0.000      6.000
     5.000      4.000      3.500      3.500      0.000      0.000      0.001      0.002      0.031      0.966      0.000      6.000
     5.250      4.333      5.000      4.750      0.000      0.000      0.000      0.179      0.000      0.002      0.819      7.000
     5.000      3.333      3.500      4.000      0.000      0.000      0.024      0.011      0.034      0.931      0.000      6.000
     5.250      3.667      4.500      4.000      0.000      0.000      0.006      0.610      0.000      0.371      0.013      4.000
     5.250      4.333      5.000      3.750      0.000      0.000      0.000      0.684      0.000      0.079      0.237      4.000
     4.000      4.000      5.000      4.500      0.000      0.000      0.000      0.955      0.000      0.004      0.041      4.000
     7.000      2.667      3.500      3.250      0.000      0.002      0.015      0.000      0.918      0.065      0.000      5.000
     5.500      3.667      4.000      2.750      0.000      0.000      0.016      0.003      0.323      0.658      0.000      6.000
     4.000      2.667      4.750      3.750      0.000      0.000      0.898      0.099      0.000      0.003      0.000      3.000
     5.250      3.667      3.000      3.500      0.000      0.000      0.001      0.000      0.422      0.577      0.000      6.000
     7.000      3.667      4.250      4.000      0.000      0.000      0.000      0.053      0.001      0.916      0.030      6.000
     4.000      4.667      5.000      5.000      0.000      0.000      0.000      0.200      0.000      0.000      0.800      7.000
     4.000      3.667      5.000      4.000      0.000      0.000      0.004      0.984      0.000      0.009      0.002      4.000
     5.000      4.000      4.000      4.000      0.000      0.000      0.001      0.094      0.000      0.900      0.005      6.000
     4.000      3.333      5.000      2.500      0.000      0.000      0.874      0.103      0.002      0.021      0.000      3.000
     2.000      2.333      5.000      4.000      0.000      0.000      0.974      0.026      0.000      0.000      0.000      3.000
     5.000      3.333      3.500      3.000      0.000      0.001      0.027      0.000      0.749      0.223      0.000      5.000
     4.750      3.000      3.750      3.000      0.000      0.000      0.374      0.001      0.503      0.121      0.000      5.000
     4.250      3.000      3.750      3.500      0.000      0.000      0.698      0.009      0.086      0.207      0.000      3.000
     5.250      3.667      5.000      4.500      0.000      0.000      0.000      0.904      0.000      0.011      0.084      4.000
     5.250      4.000      3.500      3.500      0.000      0.000      0.000      0.002      0.032      0.966      0.000      6.000
     5.500      4.000      3.000      3.000      0.000      0.000      0.000      0.000      0.685      0.314      0.000      5.000
     5.000      3.000      4.500      3.750      0.000      0.000      0.516      0.330      0.001      0.152      0.000      3.000
     4.500      3.000      3.500      3.250      0.000      0.001      0.295      0.001      0.544      0.160      0.000      5.000
     3.500      3.333      4.000      3.750      0.000      0.000      0.494      0.180      0.005      0.321      0.000      3.000
     5.750      4.333      4.500      4.500      0.000      0.000      0.000      0.146      0.000      0.089      0.765      7.000
     6.250      4.000      4.500      4.500      0.000      0.000      0.000      0.222      0.000      0.179      0.599      7.000
     5.500      3.000      5.000      3.750      0.000      0.000      0.176      0.784      0.000      0.040      0.001      4.000
     4.000      3.000      3.750      3.000      0.000      0.000      0.696      0.001      0.240      0.062      0.000      3.000
     4.250      3.667      5.000      4.000      0.000      0.000      0.003      0.981      0.000      0.012      0.004      4.000
     5.500      2.667      4.500      3.750      0.000      0.000      0.837      0.100      0.002      0.062      0.000      3.000
     5.500      3.333      3.250      2.750      0.000      0.006      0.001      0.000      0.959      0.034      0.000      5.000
     5.000      3.000      4.250      3.750      0.000      0.000      0.553      0.155      0.006      0.286      0.000      3.000
     6.750      4.000      4.000      4.000      0.000      0.000      0.000      0.014      0.001      0.962      0.023      6.000
     4.750      4.000      3.750      3.250      0.000      0.000      0.002      0.006      0.036      0.955      0.000      6.000
     5.000      3.000      3.750      3.250      0.000      0.000      0.364      0.003      0.366      0.267      0.000      5.000
     5.000      5.000      4.750      3.250      0.000      0.000      0.000      0.237      0.000      0.434      0.329      6.000
     7.000      4.333      3.500      4.500      0.000      0.000      0.000      0.002      0.000      0.937      0.061      6.000
     4.500      4.000      4.000      3.500      0.000      0.000      0.004      0.056      0.004      0.935      0.000      6.000
     6.250      4.333      5.000      4.750      0.000      0.000      0.000      0.031      0.000      0.001      0.968      7.000
     5.000      3.667      4.750      4.750      0.000      0.000      0.000      0.891      0.000      0.019      0.090      4.000
     7.000      3.333      3.750      4.000      0.000      0.000      0.001      0.005      0.016      0.977      0.000      6.000
     5.000      4.000      3.750      3.000      0.000      0.000      0.002      0.003      0.106      0.889      0.000      6.000
     6.000      3.667      3.750      3.000      0.000      0.000      0.003      0.001      0.300      0.697      0.000      6.000
     3.250      2.333      3.750      3.750      0.000      0.000      0.998      0.000      0.001      0.001      0.000      3.000
     4.750      3.667      5.000      4.000      0.000      0.000      0.003      0.967      0.000      0.021      0.010      4.000
     3.500      2.667      3.750      3.250      0.000      0.000      0.972      0.000      0.022      0.006      0.000      3.000
     4.500      2.667      4.750      3.500      0.000      0.000      0.940      0.055      0.000      0.005      0.000      3.000
     6.250      3.000      3.250      2.000      0.000      0.250      0.000      0.000      0.750      0.000      0.000      5.000
     4.750      4.000      3.750      4.000      0.000      0.000      0.001      0.033      0.001      0.964      0.001      6.000
     4.500      3.000      3.750      3.250      0.000      0.000      0.581      0.004      0.236      0.180      0.000      3.000
     6.000      5.000      4.750      4.750      0.000      0.000      0.000      0.002      0.000      0.000      0.997      7.000
     5.000      4.000      3.750      3.500      0.000      0.000      0.001      0.008      0.012      0.978      0.000      6.000
     5.000      4.000      4.250      4.000      0.000      0.000      0.001      0.288      0.000      0.693      0.018      6.000
     5.000      2.000      2.000      2.000      0.465      0.535      0.000      0.000      0.000      0.000      0.000      2.000
     6.000      2.000      2.500      2.000      0.035      0.964      0.000      0.000      0.001      0.000      0.000      2.000
     5.000      4.667      5.000      3.500      0.000      0.000      0.000      0.564      0.000      0.113      0.322      4.000
     3.500      3.333      3.000      3.500      0.000      0.002      0.073      0.000      0.621      0.304      0.000      5.000
     5.750      4.000      4.750      4.250      0.000      0.000      0.000      0.557      0.000      0.112      0.331      4.000
     6.500      3.667      4.500      4.000      0.000      0.000      0.001      0.269      0.000      0.665      0.064      6.000
     5.500      4.000      4.000      3.000      0.000      0.000      0.002      0.006      0.046      0.947      0.000      6.000
     4.000      2.333      2.750      3.250      0.000      0.543      0.049      0.000      0.408      0.001      0.000      2.000
     6.250      4.000      3.250      4.000      0.000      0.000      0.000      0.000      0.010      0.990      0.000      6.000
     5.000      3.667      3.250      3.500      0.000      0.000      0.003      0.001      0.215      0.782      0.000      6.000
     6.500      3.333      3.500      3.000      0.000      0.000      0.002      0.000      0.792      0.206      0.000      5.000
     4.250      4.000      4.000      4.500      0.000      0.000      0.001      0.415      0.000      0.564      0.020      6.000
     4.250      3.000      4.500      4.000      0.000      0.000      0.461      0.483      0.000      0.055      0.000      4.000
     4.500      2.667      2.750      2.250      0.001      0.936      0.000      0.000      0.063      0.000      0.000      2.000
     6.750      4.667      3.500      4.500      0.000      0.000      0.000      0.001      0.000      0.829      0.170      6.000
     4.000      2.333      4.000      3.250      0.000      0.000      0.995      0.000      0.004      0.001      0.000      3.000
     5.000      4.000      4.000      4.000      0.000      0.000      0.001      0.094      0.000      0.900      0.005      6.000
     4.250      3.333      3.750      3.500      0.000      0.000      0.234      0.023      0.083      0.660      0.000      6.000
     5.000      4.667      4.750      4.750      0.000      0.000      0.000      0.071      0.000      0.003      0.926      7.000
     6.000      2.333      3.500      2.250      0.000      0.354      0.010      0.000      0.636      0.000      0.000      5.000
     5.250      3.333      4.000      4.000      0.000      0.000      0.043      0.114      0.005      0.837      0.000      6.000
     5.500      3.333      4.750      4.000      0.000      0.000      0.023      0.841      0.000      0.129      0.006      4.000
     5.500      4.000      3.750      3.500      0.000      0.000      0.000      0.005      0.013      0.982      0.000      6.000
     5.750      2.000      4.750      3.750      0.000      0.000      0.993      0.006      0.000      0.001      0.000      3.000
     6.500      4.000      3.750      4.000      0.000      0.000      0.000      0.005      0.001      0.989      0.004      6.000
     5.500      3.333      3.500      4.250      0.000      0.000      0.007      0.011      0.012      0.970      0.000      6.000
     6.750      2.667      3.500      4.000      0.000      0.000      0.072      0.002      0.293      0.633      0.000      6.000
     7.000      4.333      4.750      4.500      0.000      0.000      0.000      0.015      0.000      0.010      0.975      7.000
     6.750      4.000      3.500      4.000      0.000      0.000      0.000      0.001      0.004      0.994      0.001      6.000
     4.000      2.333      5.000      4.000      0.000      0.000      0.918      0.082      0.000      0.000      0.000      3.000
     4.000      3.667      4.000      4.000      0.000      0.000      0.032      0.287      0.001      0.680      0.000      6.000
     4.500      4.000      3.750      4.000      0.000      0.000      0.001      0.044      0.001      0.953      0.001      6.000
     4.750      3.000      3.750      2.500      0.000      0.005      0.140      0.000      0.834      0.021      0.000      5.000
     6.000      2.667      2.750      2.250      0.000      0.885      0.000      0.000      0.114      0.000      0.000      2.000
     4.000      2.000      1.250      2.000      0.986      0.014      0.000      0.000      0.000      0.000      0.000      1.000
     4.750      3.667      4.750      3.750      0.000      0.000      0.013      0.853      0.000      0.129      0.004      4.000
     6.000      4.000      3.500      3.500      0.000      0.000      0.000      0.001      0.034      0.965      0.000      6.000
     4.000      3.333      4.000      3.750      0.000      0.000      0.328      0.161      0.008      0.504      0.000      6.000
     5.250      3.667      3.750      4.000      0.000      0.000      0.003      0.025      0.004      0.967      0.000      6.000
     5.500      4.000      3.000      3.500      0.000      0.000      0.000      0.000      0.185      0.815      0.000      6.000
     4.500      3.333      4.000      3.750      0.000      0.000      0.187      0.124      0.011      0.679      0.000      6.000
     5.500      4.000      4.000      3.250      0.000      0.000      0.001      0.011      0.015      0.973      0.000      6.000
     3.750      2.667      3.500      4.000      0.000      0.000      0.933      0.004      0.016      0.047      0.000      3.000
     4.250      4.000      4.750      3.750      0.000      0.000      0.003      0.888      0.000      0.101      0.008      4.000
     6.250      3.667      3.000      1.250      0.000      0.621      0.000      0.000      0.379      0.000      0.000      2.000
     5.500      3.667      4.500      4.000      0.000      0.000      0.005      0.541      0.000      0.435      0.019      4.000
     5.250      4.000      3.500      3.500      0.000      0.000      0.000      0.002      0.032      0.966      0.000      6.000
     5.500      4.000      3.500      3.500      0.000      0.000      0.000      0.001      0.033      0.966      0.000      6.000
     5.000      2.333      2.000      2.000      0.163      0.837      0.000      0.000      0.000      0.000      0.000      2.000
     4.250      4.333      4.250      4.750      0.000      0.000      0.000      0.565      0.000      0.145      0.289      4.000
     5.000      3.667      4.750      4.000      0.000      0.000      0.005      0.881      0.000      0.101      0.013      4.000
     5.250      4.000      3.750      2.750      0.000      0.000      0.002      0.001      0.274      0.724      0.000      6.000
     5.000      4.333      4.000      3.250      0.000      0.000      0.000      0.015      0.004      0.980      0.001      6.000
     4.000      4.000      4.750      4.250      0.000      0.000      0.000      0.953      0.000      0.027      0.020      4.000
     5.250      2.667      4.250      2.750      0.000      0.000      0.880      0.001      0.104      0.016      0.000      3.000
     7.000      2.667      4.750      4.000      0.000      0.000      0.282      0.483      0.001      0.231      0.003      4.000
     4.750      4.000      4.000      3.250      0.000      0.000      0.004      0.025      0.014      0.957      0.000      6.000
     4.250      3.333      3.000      3.500      0.000      0.001      0.020      0.000      0.672      0.306      0.000      5.000
     6.000      4.000      4.000      3.500      0.000      0.000      0.000      0.011      0.005      0.982      0.001      6.000
     4.750      2.000      4.750      2.000      0.000      0.000      0.997      0.000      0.003      0.000      0.000      3.000
     4.750      3.000      2.500      2.250      0.000      0.927      0.000      0.000      0.072      0.000      0.000      2.000
     6.750      4.333      4.500      2.750      0.000      0.000      0.000      0.011      0.007      0.978      0.004      6.000
     5.250      4.000      4.000      3.000      0.000      0.000      0.003      0.008      0.044      0.945      0.000      6.000
     4.750      2.333      3.000      2.750      0.000      0.644      0.011      0.000      0.345      0.000      0.000      2.000
     6.250      2.000      2.000      1.500      0.596      0.404      0.000      0.000      0.000      0.000      0.000      1.000
     6.750      4.000      3.750      4.000      0.000      0.000      0.000      0.004      0.002      0.989      0.005      6.000
     5.750      4.333      4.000      4.250      0.000      0.000      0.000      0.050      0.000      0.836      0.114      6.000
     7.000      4.000      4.000      4.000      0.000      0.000      0.000      0.011      0.001      0.961      0.028      6.000
     3.500      3.333      4.750      4.500      0.000      0.000      0.014      0.981      0.000      0.005      0.001      4.000
     5.250      4.000      3.750      4.000      0.000      0.000      0.000      0.019      0.001      0.977      0.002      6.000
     3.500      3.333      4.500      4.250      0.000      0.000      0.072      0.894      0.000      0.033      0.000      4.000
     5.000      4.000      5.000      4.500      0.000      0.000      0.000      0.766      0.000      0.010      0.225      4.000
     3.750      1.667      2.250      1.750      0.868      0.132      0.000      0.000      0.000      0.000      0.000      1.000
     4.250      2.000      2.000      2.000      0.609      0.391      0.000      0.000      0.000      0.000      0.000      1.000
     6.250      4.000      4.000      3.250      0.000      0.000      0.000      0.005      0.016      0.978      0.000      6.000
     5.750      4.000      4.000      3.250      0.000      0.000      0.001      0.008      0.016      0.975      0.000      6.000
     6.000      3.667      3.250      2.500      0.000      0.003      0.000      0.000      0.962      0.035      0.000      5.000
     6.250      2.667      4.000      3.500      0.000      0.000      0.520      0.007      0.183      0.290      0.000      3.000
     7.000      4.333      5.000      5.000      0.000      0.000      0.000      0.004      0.000      0.000      0.996      7.000
     4.000      2.000      2.000      2.000      0.654      0.346      0.000      0.000      0.000      0.000      0.000      1.000
     4.500      2.000      2.750      2.500      0.008      0.980      0.000      0.000      0.012      0.000      0.000      2.000
     7.000      4.333      4.000      2.750      0.000      0.000      0.000      0.000      0.049      0.950      0.000      6.000
     7.000      5.000      4.000      4.500      0.000      0.000      0.000      0.001      0.000      0.052      0.948      7.000
     5.500      4.000      3.750      3.250      0.000      0.000      0.001      0.003      0.039      0.958      0.000      6.000
     5.000      3.000      2.250      1.750      0.006      0.991      0.000      0.000      0.003      0.000      0.000      2.000
     4.500      4.000      3.500      3.750      0.000      0.000      0.001      0.007      0.010      0.983      0.000      6.000
     1.750      1.667      3.500      2.000      0.019      0.517      0.461      0.000      0.003      0.000      0.000      2.000
     5.750      4.667      4.000      3.250      0.000      0.000      0.000      0.005      0.001      0.989      0.004      6.000
     5.750      3.000      3.250      2.500      0.000      0.053      0.001      0.000      0.943      0.003      0.000      5.000
     4.750      3.000      4.250      3.750      0.000      0.000      0.631      0.153      0.004      0.212      0.000      3.000
     6.500      3.667      4.000      4.500      0.000      0.000      0.000      0.068      0.000      0.882      0.049      6.000
     5.000      3.000      3.250      2.750      0.000      0.027      0.010      0.000      0.952      0.011      0.000      5.000
     7.000      5.000      5.000      5.000      0.000      0.000      0.000      0.000      0.000      0.000      1.000      7.000
     5.500      3.333      4.500      4.500      0.000      0.000      0.008      0.809      0.000      0.163      0.020      4.000
     5.750      3.333      3.000      2.500      0.000      0.051      0.000      0.000      0.945      0.004      0.000      5.000
     4.000      4.667      5.000      4.750      0.000      0.000      0.000      0.322      0.000      0.001      0.677      7.000
     7.000      4.000      3.500      3.750      0.000      0.000      0.000      0.000      0.012      0.987      0.000      6.000
     6.250      2.000      2.500      2.500      0.007      0.987      0.000      0.000      0.007      0.000      0.000      2.000
     7.000      4.333      4.750      4.750      0.000      0.000      0.000      0.008      0.000      0.003      0.989      7.000
     4.250      4.000      4.500      4.750      0.000      0.000      0.000      0.862      0.000      0.042      0.095      4.000
     5.000      2.000      4.250      3.750      0.000      0.000      0.998      0.001      0.000      0.001      0.000      3.000
     6.000      4.667      4.000      4.250      0.000      0.000      0.000      0.020      0.000      0.596      0.384      6.000
     6.250      4.000      4.000      4.000      0.000      0.000      0.000      0.025      0.001      0.959      0.015      6.000
     4.500      2.333      4.000      2.750      0.000      0.000      0.953      0.000      0.045      0.001      0.000      3.000
     5.500      3.333      4.500      3.750      0.000      0.000      0.072      0.448      0.001      0.477      0.002      6.000
     5.750      3.667      3.750      3.500      0.000      0.000      0.003      0.005      0.042      0.951      0.000      6.000
     6.000      4.333      4.500      4.250      0.000      0.000      0.000      0.146      0.000      0.205      0.649      7.000
     7.000      3.333      4.000      4.000      0.000      0.000      0.002      0.019      0.006      0.971      0.002      6.000
     5.500      4.000      3.500      3.750      0.000      0.000      0.000      0.002      0.011      0.987      0.000      6.000
     6.500      4.333      5.000      5.000      0.000      0.000      0.000      0.010      0.000      0.000      0.989      7.000
     6.250      3.000      2.250      3.000      0.000      0.558      0.000      0.000      0.442      0.000      0.000      2.000
     4.750      3.667      4.500      4.250      0.000      0.000      0.004      0.820      0.000      0.163      0.013      4.000
     6.250      4.000      3.750      3.250      0.000      0.000      0.000      0.001      0.041      0.957      0.000      6.000
     5.750      3.333      3.500      3.250      0.000      0.000      0.010      0.000      0.531      0.458      0.000      5.000
     5.250      3.667      4.000      3.750      0.000      0.000      0.007      0.055      0.005      0.932      0.001      6.000
     4.750      3.667      4.500      3.500      0.000      0.000      0.042      0.466      0.001      0.490      0.001      6.000
     6.000      3.333      3.500      4.250      0.000      0.000      0.003      0.006      0.013      0.978      0.000      6.000
     7.000      4.000      3.500      3.000      0.000      0.000      0.000      0.000      0.271      0.729      0.000      6.000
     4.500      2.333      2.500      2.000      0.026      0.973      0.000      0.000      0.002      0.000      0.000      2.000
     5.750      4.000      3.750      3.750      0.000      0.000      0.000      0.006      0.004      0.988      0.001      6.000
     5.500      4.000      5.000      5.000      0.000      0.000      0.000      0.264      0.000      0.002      0.734      7.000
     5.000      2.333      3.000      2.250      0.001      0.924      0.000      0.000      0.075      0.000      0.000      2.000
     3.750      2.667      3.750      4.000      0.000      0.000      0.960      0.009      0.004      0.027      0.000      3.000
     6.500      4.000      4.000      4.000      0.000      0.000      0.000      0.019      0.001      0.962      0.019      6.000
     6.000      3.667      4.000      3.250      0.000      0.000      0.004      0.008      0.050      0.937      0.000      6.000
     6.000      3.667      4.000      3.750      0.000      0.000      0.002      0.025      0.005      0.967      0.001      6.000
     4.250      2.333      2.500      2.250      0.015      0.981      0.000      0.000      0.004      0.000      0.000      2.000
     4.750      3.333      3.750      4.000      0.000      0.000      0.061      0.053      0.012      0.875      0.000      6.000
     4.000      3.000      2.750      2.750      0.000      0.387      0.002      0.000      0.610      0.001      0.000      5.000
     5.750      3.667      2.750      3.000      0.000      0.007      0.000      0.000      0.944      0.050      0.000      5.000
     7.000      4.667      5.000      4.000      0.000      0.000      0.000      0.010      0.000      0.006      0.984      7.000
     7.000      5.000      4.750      4.000      0.000      0.000      0.000      0.002      0.000      0.007      0.991      7.000
     6.250      4.333      3.500      4.500      0.000      0.000      0.000      0.004      0.000      0.962      0.034      6.000
     5.750      1.667      2.000      2.000      0.683      0.317      0.000      0.000      0.000      0.000      0.000      1.000
     6.000      4.000      4.750      4.250      0.000      0.000      0.000      0.449      0.000      0.120      0.431      4.000
     7.000      5.000      4.250      3.500      0.000      0.000      0.000      0.004      0.000      0.602      0.394      6.000
     6.750      4.333      4.500      4.500      0.000      0.000      0.000      0.026      0.000      0.048      0.926      7.000
     5.500      1.667      4.000      3.000      0.000      0.001      0.983      0.000      0.016      0.000      0.000      3.000
     4.750      3.333      4.000      2.750      0.000      0.000      0.249      0.004      0.449      0.298      0.000      5.000
     6.000      1.333      1.250      1.000      1.000      0.000      0.000      0.000      0.000      0.000      0.000      1.000
     6.500      4.000      4.250      4.000      0.000      0.000      0.000      0.066      0.000      0.860      0.073      6.000
     5.500      3.333      3.750      4.000      0.000      0.000      0.018      0.024      0.014      0.944      0.000      6.000
     6.000      2.333      4.000      2.750      0.000      0.002      0.575      0.000      0.416      0.007      0.000      3.000
     5.500      4.000      3.750      3.750      0.000      0.000      0.000      0.008      0.004      0.986      0.001      6.000
     6.000      3.667      3.750      4.000      0.000      0.000      0.001      0.011      0.005      0.983      0.001      6.000
     6.000      4.000      5.000      4.750      0.000      0.000      0.000      0.207      0.000      0.005      0.789      7.000
     3.000      3.333      4.750      3.500      0.000      0.000      0.441      0.544      0.000      0.015      0.000      4.000
     4.500      3.000      2.500      2.250      0.001      0.934      0.000      0.000      0.065      0.000      0.000      2.000
     5.250      4.667      3.500      4.500      0.000      0.000      0.000      0.008      0.000      0.934      0.058      6.000
     5.000      3.667      4.000      3.750      0.000      0.000      0.011      0.072      0.005      0.912      0.000      6.000
     5.750      3.667      4.750      4.500      0.000      0.000      0.000      0.762      0.000      0.067      0.170      4.000
     4.250      2.333      3.750      3.500      0.000      0.000      0.982      0.000      0.014      0.003      0.000      3.000
     5.250      2.333      4.000      4.000      0.000      0.000      0.967      0.007      0.004      0.022      0.000      3.000
     4.750      2.333      5.000      2.250      0.000      0.000      0.999      0.000      0.001      0.000      0.000      3.000
     5.250      2.000      2.250      2.000      0.178      0.822      0.000      0.000      0.000      0.000      0.000      2.000
     5.250      3.667      3.750      3.250      0.000      0.000      0.009      0.004      0.113      0.874      0.000      6.000
     4.000      4.333      4.500      4.000      0.000      0.000      0.000      0.764      0.000      0.198      0.038      4.000
     6.250      3.667      4.250      3.250      0.000      0.000      0.005      0.024      0.020      0.950      0.000      6.000
     4.000      2.000      2.750      1.500      0.191      0.809      0.000      0.000      0.000      0.000      0.000      2.000
     4.250      3.000      3.750      3.500      0.000      0.000      0.698      0.009      0.086      0.207      0.000      3.000
     5.250      4.000      4.000      4.000      0.000      0.000      0.001      0.073      0.000      0.920      0.007      6.000
     4.000      2.667      3.500      3.250      0.000      0.001      0.778      0.000      0.201      0.019      0.000      3.000
     4.000      1.667      2.750      1.750      0.332      0.668      0.000      0.000      0.000      0.000      0.000      2.000
     6.250      3.667      5.000      4.250      0.000      0.000      0.000      0.713      0.000      0.048      0.239      4.000
     6.750      2.333      3.000      2.000      0.000      0.940      0.000      0.000      0.060      0.000      0.000      2.000
     6.000      4.333      3.250      3.750      0.000      0.000      0.000      0.000      0.009      0.991      0.000      6.000
     5.500      3.000      4.000      3.750      0.000      0.000      0.291      0.049      0.036      0.624      0.000      6.000
     5.750      3.667      4.250      3.750      0.000      0.000      0.005      0.118      0.002      0.872      0.003      6.000
     5.750      1.333      1.750      1.000      0.998      0.002      0.000      0.000      0.000      0.000      0.000      1.000
     5.250      3.333      2.750      3.250      0.000      0.012      0.000      0.000      0.939      0.049      0.000      5.000
     4.750      1.667      4.500      3.750      0.000      0.000      1.000      0.000      0.000      0.000      0.000      3.000
     5.000      3.333      2.500      3.500      0.000      0.018      0.000      0.000      0.923      0.058      0.000      5.000
     7.000      5.000      4.750      5.000      0.000      0.000      0.000      0.000      0.000      0.000      1.000      7.000
     5.500      3.667      4.000      4.000      0.000      0.000      0.003      0.072      0.002      0.921      0.002      6.000
     5.500      2.667      4.000      3.750      0.000      0.000      0.774      0.018      0.033      0.175      0.000      3.000
     7.000      3.667      4.000      3.250      0.000      0.000      0.001      0.003      0.055      0.941      0.000      6.000
     6.000      3.000      2.500      2.500      0.000      0.733      0.000      0.000      0.267      0.000      0.000      2.000
     6.750      3.000      2.000      1.750      0.005      0.993      0.000      0.000      0.002      0.000      0.000      2.000
     4.500      3.000      4.000      3.500      0.000      0.000      0.747      0.027      0.032      0.194      0.000      3.000
     2.750      2.667      2.500      2.000      0.022      0.975      0.000      0.000      0.003      0.000      0.000      2.000
     5.500      2.333      3.500      3.250      0.000      0.007      0.415      0.000      0.564      0.014      0.000      5.000
     4.000      1.667      3.750      3.250      0.000      0.000      0.997      0.000      0.002      0.000      0.000      3.000
     5.750      3.667      4.000      4.000      0.000      0.000      0.002      0.056      0.002      0.938      0.003      6.000
     7.000      3.000      4.000      3.500      0.000      0.000      0.041      0.007      0.162      0.790      0.000      6.000
     6.000      3.667      3.750      3.000      0.000      0.000      0.003      0.001      0.300      0.697      0.000      6.000
     3.750      3.667      3.500      4.250      0.000      0.000      0.015      0.057      0.003      0.925      0.000      6.000
     4.250      2.667      4.000      4.250      0.000      0.000      0.885      0.064      0.001      0.050      0.000      3.000
     4.500      3.667      4.250      4.000      0.000      0.000      0.017      0.480      0.000      0.500      0.002      6.000
     5.250      3.000      3.250      3.500      0.000      0.001      0.046      0.000      0.717      0.235      0.000      5.000
     3.750      5.000      3.000      3.750      0.000      0.000      0.000      0.000      0.002      0.998      0.000      6.000
     5.000      3.000      4.000      4.250      0.000      0.000      0.264      0.215      0.003      0.518      0.000      6.000
     6.750      3.333      4.000      3.750      0.000      0.000      0.005      0.014      0.019      0.961      0.000      6.000
     6.250      3.667      4.250      3.750      0.000      0.000      0.002      0.071      0.002      0.920      0.005      6.000
     3.000      1.667      2.250      1.750      0.922      0.078      0.000      0.000      0.000      0.000      0.000      1.000
     6.000      3.667      4.000      3.750      0.000      0.000      0.002      0.025      0.005      0.967      0.001      6.000
     5.750      4.333      3.500      3.750      0.000      0.000      0.000      0.001      0.003      0.995      0.001      6.000
     4.000      4.000      4.000      4.000      0.000      0.000      0.004      0.242      0.000      0.752      0.002      6.000
     4.750      3.667      3.750      3.750      0.000      0.000      0.010      0.025      0.012      0.952      0.000      6.000
     4.000      3.333      4.250      2.750      0.000      0.000      0.761      0.020      0.077      0.142      0.000      3.000
     5.250      4.000      4.000      3.500      0.000      0.000      0.001      0.025      0.005      0.968      0.001      6.000
     5.750      3.333      3.750      3.250      0.000      0.000      0.027      0.002      0.300      0.671      0.000      6.000
     4.000      5.000      4.500      5.000      0.000      0.000      0.000      0.055      0.000      0.003      0.942      7.000
     7.000      3.000      3.000      3.750      0.000      0.001      0.001      0.000      0.749      0.250      0.000      5.000
     4.500      3.000      4.750      4.250      0.000      0.000      0.121      0.860      0.000      0.019      0.000      4.000
     6.750      4.333      4.250      4.750      0.000      0.000      0.000      0.015      0.000      0.063      0.922      7.000
     3.250      2.000      3.500      4.000      0.000      0.000      0.999      0.000      0.001      0.000      0.000      3.000
     5.500      3.333      4.000      3.500      0.000      0.000      0.062      0.029      0.047      0.861      0.000      6.000
     5.000      3.333      3.750      3.500      0.000      0.000      0.078      0.012      0.108      0.802      0.000      6.000
     6.000      3.000      2.250      2.250      0.001      0.965      0.000      0.000      0.034      0.000      0.000      2.000
     5.250      4.667      4.250      4.250      0.000      0.000      0.000      0.111      0.000      0.350      0.539      7.000
     3.000      4.000      4.000      4.000      0.000      0.000      0.014      0.490      0.000      0.496      0.001      6.000
     6.500      4.000      4.000      4.000      0.000      0.000      0.000      0.019      0.001      0.962      0.019      6.000
     5.750      4.333      4.500      4.250      0.000      0.000      0.000      0.208      0.000      0.220      0.572      7.000
     5.500      4.000      4.500      3.500      0.000      0.000      0.002      0.234      0.001      0.752      0.011      6.000
     4.250      3.000      4.750      3.750      0.000      0.000      0.506      0.470      0.000      0.023      0.000      3.000
     4.750      3.333      3.500      3.750      0.000      0.000      0.050      0.007      0.094      0.849      0.000      6.000
     4.750      3.667      3.750      3.250      0.000      0.000      0.020      0.007      0.107      0.865      0.000      6.000
     6.750      4.667      5.000      4.750      0.000      0.000      0.000      0.002      0.000      0.000      0.997      7.000
     5.000      3.667      5.000      4.250      0.000      0.000      0.001      0.954      0.000      0.016      0.029      4.000
     5.750      2.667      4.000      3.750      0.000      0.000      0.694      0.019      0.047      0.241      0.000      3.000
     6.500      5.000      3.750      4.250      0.000      0.000      0.000      0.002      0.000      0.540      0.458      6.000
     4.750      3.000      3.250      3.750      0.000      0.000      0.140      0.001      0.416      0.442      0.000      6.000
     5.000      3.333      3.500      3.750      0.000      0.000      0.033      0.006      0.098      0.864      0.000      6.000
     4.750      3.667      4.750      5.000      0.000      0.000      0.000      0.886      0.000      0.008      0.105      4.000
     4.000      3.000      4.000      3.000      0.000      0.000      0.884      0.004      0.067      0.045      0.000      3.000
     4.250      2.667      2.250      3.000      0.001      0.921      0.000      0.000      0.078      0.000      0.000      2.000
     6.000      3.333      3.000      3.500      0.000      0.001      0.001      0.000      0.719      0.279      0.000      5.000
     6.000      4.000      3.500      3.500      0.000      0.000      0.000      0.001      0.034      0.965      0.000      6.000
     6.000      3.333      3.250      3.000      0.000      0.002      0.001      0.000      0.903      0.095      0.000      5.000
     5.750      3.667      3.750      4.000      0.000      0.000      0.001      0.015      0.004      0.979      0.001      6.000
     5.000      3.667      4.250      4.000      0.000      0.000      0.009      0.349      0.000      0.637      0.004      6.000
     7.000      3.000      5.000      3.750      0.000      0.000      0.066      0.724      0.000      0.199      0.011      4.000
     4.500      3.667      3.500      3.000      0.000      0.000      0.015      0.001      0.485      0.499      0.000      6.000
     6.750      2.667      2.750      2.000      0.000      0.938      0.000      0.000      0.062      0.000      0.000      2.000
     6.500      4.000      4.000      4.500      0.000      0.000      0.000      0.046      0.000      0.785      0.169      6.000
     6.250      4.333      3.750      4.250      0.000      0.000      0.000      0.008      0.000      0.947      0.044      6.000
     5.500      2.667      3.750      3.250      0.000      0.000      0.488      0.001      0.422      0.089      0.000      3.000
     6.000      4.333      4.000      3.500      0.000      0.000      0.000      0.008      0.002      0.986      0.004      6.000
     6.750      3.333      4.250      4.250      0.000      0.000      0.004      0.146      0.001      0.830      0.019      6.000
     5.250      3.000      3.250      3.000      0.000      0.009      0.014      0.000      0.945      0.032      0.000      5.000
     4.750      3.333      4.500      3.250      0.000      0.000      0.406      0.245      0.008      0.341      0.000      3.000
     5.500      3.667      3.500      3.500      0.000      0.000      0.002      0.001      0.100      0.897      0.000      6.000
     7.000      3.333      2.000      2.000      0.000      0.979      0.000      0.000      0.020      0.000      0.000      2.000
     4.500      3.000      4.000      3.750      0.000      0.000      0.669      0.061      0.014      0.256      0.000      3.000
     6.000      4.333      4.250      3.750      0.000      0.000      0.000      0.052      0.000      0.889      0.059      6.000
     7.000      3.333      2.500      2.500      0.000      0.311      0.000      0.000      0.689      0.000      0.000      5.000
     5.750      3.000      3.750      3.500      0.000      0.000      0.147      0.005      0.273      0.575      0.000      6.000
     6.000      3.000      4.000      3.750      0.000      0.000      0.152      0.034      0.046      0.768      0.000      6.000
     5.000      4.000      4.000      3.250      0.000      0.000      0.003      0.019      0.014      0.964      0.000      6.000
     5.250      3.667      3.500      4.000      0.000      0.000      0.002      0.006      0.011      0.981      0.000      6.000
     5.500      4.000      4.250      3.750      0.000      0.000      0.001      0.118      0.001      0.870      0.010      6.000
     5.000      3.667      3.750      3.250      0.000      0.000      0.013      0.006      0.110      0.871      0.000      6.000
     6.000      3.333      3.250      2.500      0.000      0.012      0.000      0.000      0.977      0.011      0.000      5.000
     3.250      2.000      1.750      2.250      0.841      0.159      0.000      0.000      0.000      0.000      0.000      1.000
     6.500      5.000      5.000      5.000      0.000      0.000      0.000      0.000      0.000      0.000      1.000      7.000
     4.250      4.000      4.000      3.500      0.000      0.000      0.006      0.073      0.004      0.916      0.000      6.000
     5.750      2.333      2.750      2.250      0.001      0.970      0.000      0.000      0.029      0.000      0.000      2.000
     6.000      3.333      3.750      2.500      0.000      0.001      0.006      0.000      0.925      0.068      0.000      5.000
     4.750      2.667      3.500      2.750      0.000      0.026      0.177      0.000      0.790      0.007      0.000      5.000
     5.000      4.333      4.000      4.000      0.000      0.000      0.000      0.072      0.000      0.907      0.021      6.000
     4.750      4.333      4.500      3.750      0.000      0.000      0.000      0.463      0.000      0.485      0.051      6.000
     4.500      3.333      4.000      4.000      0.000      0.000      0.124      0.210      0.003      0.662      0.000      6.000
     6.000      4.000      3.500      4.000      0.000      0.000      0.000      0.002      0.004      0.993      0.001      6.000
     4.000      3.333      4.000      3.000      0.000      0.000      0.578      0.017      0.127      0.279      0.000      3.000
     6.750      4.667      4.000      4.750      0.000      0.000      0.000      0.003      0.000      0.071      0.925      7.000
     5.000      2.667      2.750      3.000      0.000      0.372      0.002      0.000      0.625      0.001      0.000      5.000
     6.000      4.333      4.000      4.250      0.000      0.000      0.000      0.037      0.000      0.825      0.138      6.000
     4.500      3.667      3.750      2.750      0.000      0.000      0.035      0.002      0.518      0.446      0.000      5.000
     4.750      3.333      4.750      4.250      0.000      0.000      0.016      0.945      0.000      0.036      0.003      4.000
     4.000      2.667      4.000      4.000      0.000      0.000      0.952      0.023      0.001      0.024      0.000      3.000
     6.750      4.000      3.500      4.000      0.000      0.000      0.000      0.001      0.004      0.994      0.001      6.000
     7.000      5.000      4.500      4.750      0.000      0.000      0.000      0.000      0.000      0.001      0.999      7.000
     7.000      4.667      4.750      5.000      0.000      0.000      0.000      0.001      0.000      0.000      0.999      7.000
     6.750      3.667      3.250      3.000      0.000      0.000      0.000      0.000      0.756      0.244      0.000      5.000
     6.000      4.000      3.500      4.000      0.000      0.000      0.000      0.002      0.004      0.993      0.001      6.000
     4.000      3.333      5.000      4.750      0.000      0.000      0.002      0.994      0.000      0.001      0.003      4.000
     5.500      3.667      4.000      4.000      0.000      0.000      0.003      0.072      0.002      0.921      0.002      6.000
     5.500      4.000      3.750      3.750      0.000      0.000      0.000      0.008      0.004      0.986      0.001      6.000
     5.000      4.000      4.000      4.000      0.000      0.000      0.001      0.094      0.000      0.900      0.005      6.000
     4.750      4.667      4.250      3.750      0.000      0.000      0.000      0.143      0.000      0.784      0.073      6.000
     5.250      4.000      4.250      3.500      0.000      0.000      0.002      0.093      0.002      0.901      0.003      6.000
     5.500      2.000      2.250      3.000      0.009      0.982      0.000      0.000      0.009      0.000      0.000      2.000
     4.750      3.667      3.500      3.750      0.000      0.000      0.006      0.006      0.032      0.956      0.000      6.000
     4.000      3.000      4.500      3.750      0.000      0.000      0.712      0.250      0.000      0.038      0.000      3.000
     4.000      2.000      5.000      3.250      0.000      0.000      0.999      0.001      0.000      0.000      0.000      3.000
     5.500      3.000      3.250      2.750      0.000      0.022      0.004      0.000      0.963      0.010      0.000      5.000
