     6.500      2.000      2.250      2.000      0.999      0.000      0.000      0.001      1.000
     6.250      3.000      3.750      3.000      0.000      0.000      0.075      0.925      4.000
     5.750      3.667      3.500      3.750      0.000      0.001      0.965      0.034      3.000
     5.500      2.667      3.000      2.500      0.146      0.000      0.000      0.854      4.000
     5.500      4.000      3.500      3.750      0.000      0.001      0.978      0.021      3.000
     6.500      3.667      3.250      3.500      0.000      0.000      0.707      0.293      3.000
     5.250      1.000      1.750      1.000      1.000      0.000      0.000      0.000      1.000
     7.000      3.333      4.000      2.750      0.000      0.000      0.032      0.968      4.000
     6.500      2.333      2.500      2.000      0.995      0.000      0.000      0.005      1.000
     7.000      3.000      3.000      3.500      0.000      0.000      0.331      0.669      4.000
     6.000      2.333      3.750      2.500      0.013      0.000      0.001      0.986      4.000
     4.750      2.667      2.000      2.000      0.999      0.000      0.000      0.001      1.000
     6.750      2.667      3.750      2.750      0.001      0.000      0.008      0.992      4.000
     6.250      3.667      4.000      3.000      0.000      0.000      0.266      0.734      4.000
     5.250      4.000      4.250      5.000      0.000      0.957      0.043      0.000      2.000
     6.500      5.000      4.000      4.500      0.000      0.926      0.074      0.000      2.000
     6.250      1.333      2.250      1.750      1.000      0.000      0.000      0.000      1.000
     7.000      4.000      3.250      3.500      0.000      0.000      0.781      0.218      3.000
     5.750      1.667      2.250      1.500      1.000      0.000      0.000      0.000      1.000
     6.250      2.667      4.000      1.500      0.819      0.000      0.000      0.181      1.000
     5.000      4.000      3.000      3.000      0.000      0.000      0.075      0.925      4.000
     6.000      4.000      3.750      2.750      0.000      0.000      0.056      0.944      4.000
     5.500      2.667      2.750      1.250      1.000      0.000      0.000      0.000      1.000
     4.750      2.333      3.000      1.750      0.995      0.000      0.000      0.005      1.000
     5.500      4.000      3.500      4.000      0.000      0.007      0.990      0.003      3.000
     6.750      4.333      4.250      4.500      0.000      0.853      0.147      0.000      2.000
     5.750      4.000      3.250      3.250      0.000      0.000      0.425      0.575      4.000
     6.250      3.667      3.500      2.000      0.044      0.000      0.000      0.956      4.000
     5.250      3.000      2.750      3.000      0.004      0.000      0.011      0.985      4.000
     5.750      2.333      2.000      2.000      1.000      0.000      0.000      0.000      1.000
     6.750      3.000      3.500      3.250      0.000      0.000      0.204      0.796      4.000
     5.750      2.667      4.000      2.500      0.002      0.000      0.003      0.996      4.000
     6.000      4.333      3.750      3.000      0.000      0.000      0.362      0.638      4.000
     6.000      2.667      4.000      3.750      0.000      0.000      0.950      0.049      3.000
     6.000      3.667      4.000      3.500      0.000      0.001      0.931      0.069      3.000
     7.000      3.667      4.000      3.750      0.000      0.006      0.979      0.014      3.000
     4.500      1.333      2.250      2.000      1.000      0.000      0.000      0.000      1.000
     6.000      4.000      3.250      3.250      0.000      0.000      0.414      0.586      4.000
     4.000      3.000      3.250      3.000      0.001      0.000      0.038      0.961      4.000
     5.500      4.000      4.000      3.750      0.000      0.005      0.988      0.007      3.000
     7.000      5.000      5.000      5.000      0.000      1.000      0.000      0.000      2.000
     5.250      4.000      4.000      3.250      0.000      0.000      0.805      0.195      3.000
     7.000      3.000      2.750      2.750      0.019      0.000      0.001      0.980      4.000
     5.750      3.000      3.500      3.500      0.000      0.000      0.645      0.355      3.000
     5.250      2.667      2.250      3.000      0.091      0.000      0.002      0.906      4.000
     7.000      2.333      2.500      2.250      0.957      0.000      0.000      0.043      1.000
     6.000      4.000      3.750      3.750      0.000      0.004      0.983      0.013      3.000
     7.000      3.000      3.500      2.250      0.034      0.000      0.000      0.966      4.000
     5.000      1.667      1.500      1.500      1.000      0.000      0.000      0.000      1.000
     7.000      2.000      3.750      2.500      0.026      0.000      0.000      0.974      4.000
     7.000      4.333      4.750      4.250      0.000      0.826      0.174      0.000      2.000
     7.000      3.000      3.500      3.000      0.000      0.000      0.039      0.960      4.000
     5.500      4.333      3.750      3.750      0.000      0.006      0.987      0.007      3.000
     6.500      2.333      3.000      2.000      0.950      0.000      0.000      0.050      1.000
     5.500      3.667      3.750      3.500      0.000      0.000      0.895      0.105      3.000
     6.500      2.333      2.250      1.750      1.000      0.000      0.000      0.000      1.000
     6.000      4.000      4.000      4.000      0.000      0.033      0.966      0.001      3.000
     5.500      4.000      3.750      3.250      0.000      0.000      0.697      0.303      3.000
     5.500      4.333      3.750      3.500      0.000      0.001      0.956      0.043      3.000
     6.250      3.667      3.250      3.750      0.000      0.001      0.937      0.062      3.000
     2.000      1.667      2.500      1.500      1.000      0.000      0.000      0.000      1.000
     6.250      3.000      3.000      3.000      0.001      0.000      0.015      0.984      4.000
     7.000      4.000      4.000      4.000      0.000      0.065      0.933      0.001      3.000
     6.000      3.667      3.250      3.000      0.000      0.000      0.068      0.932      4.000
     5.000      2.667      2.500      2.250      0.933      0.000      0.000      0.067      1.000
     5.250      3.333      2.500      2.250      0.661      0.000      0.000      0.339      1.000
     5.750      3.667      4.000      4.000      0.000      0.013      0.985      0.002      3.000
     4.000      1.667      1.500      1.000      1.000      0.000      0.000      0.000      1.000
     7.000      5.000      5.000      5.000      0.000      1.000      0.000      0.000      2.000
     7.000      4.333      3.750      3.750      0.000      0.016      0.974      0.009      3.000
     5.250      4.000      3.250      3.250      0.000      0.000      0.446      0.554      4.000
     5.250      3.667      4.000      4.500      0.000      0.185      0.815      0.000      3.000
     6.000      3.667      3.250      2.500      0.003      0.000      0.002      0.995      4.000
     6.000      3.000      4.000      4.250      0.000      0.016      0.983      0.001      3.000
     6.250      3.000      3.250      2.750      0.002      0.000      0.004      0.993      4.000
     5.250      4.000      3.750      3.000      0.000      0.000      0.286      0.714      4.000
     5.750      2.000      2.000      2.000      1.000      0.000      0.000      0.000      1.000
     6.500      3.333      4.000      3.500      0.000      0.000      0.885      0.115      3.000
     5.250      3.667      3.250      2.750      0.000      0.000      0.014      0.986      4.000
     4.750      1.667      1.750      1.500      1.000      0.000      0.000      0.000      1.000
     7.000      5.000      4.000      4.000      0.000      0.418      0.582      0.000      3.000
     6.250      4.667      4.250      3.500      0.000      0.014      0.976      0.010      3.000
     6.750      4.667      4.250      4.250      0.000      0.717      0.283      0.000      2.000
     5.500      3.333      3.000      3.250      0.000      0.000      0.146      0.854      4.000
     7.000      2.667      2.750      2.500      0.270      0.000      0.000      0.730      4.000
     5.500      3.667      4.000      4.000      0.000      0.011      0.987      0.002      3.000
     5.500      3.000      3.000      3.000      0.001      0.000      0.017      0.981      4.000
     6.000      3.000      2.750      2.500      0.154      0.000      0.000      0.846      4.000
     4.500      2.333      3.000      3.250      0.001      0.000      0.046      0.953      4.000
     6.250      3.333      3.750      3.000      0.000      0.000      0.115      0.885      4.000
     4.750      2.667      2.750      2.500      0.391      0.000      0.000      0.609      4.000
     5.500      4.000      4.750      3.750      0.000      0.029      0.970      0.001      3.000
     6.250      3.667      2.500      2.250      0.370      0.000      0.000      0.630      4.000
     5.000      3.000      3.000      3.000      0.001      0.000      0.019      0.980      4.000
     6.750      3.000      3.000      3.000      0.001      0.000      0.014      0.985      4.000
     5.750      3.667      3.750      3.750      0.000      0.001      0.979      0.020      3.000
     5.500      2.333      2.500      2.000      0.996      0.000      0.000      0.004      1.000
     7.000      4.000      4.000      3.000      0.000      0.000      0.339      0.661      4.000
     6.000      3.667      3.750      3.500      0.000      0.000      0.887      0.113      3.000
     5.250      2.000      3.000      2.000      0.985      0.000      0.000      0.015      1.000
     6.000      4.000      4.000      3.500      0.000      0.001      0.955      0.044      3.000
     5.750      4.000      3.250      3.500      0.000      0.000      0.815      0.184      3.000
     5.500      2.000      2.500      2.250      0.988      0.000      0.000      0.012      1.000
     7.000      5.000      4.750      5.000      0.000      1.000      0.000      0.000      2.000
     6.750      4.667      4.250      3.500      0.000      0.020      0.969      0.011      3.000
     4.500      4.000      4.250      3.750      0.000      0.004      0.992      0.003      3.000
     7.000      2.000      3.000      1.500      1.000      0.000      0.000      0.000      1.000
     6.000      3.667      3.500      2.250      0.007      0.000      0.001      0.993      4.000
     6.750      4.333      4.000      2.500      0.000      0.000      0.024      0.976      4.000
     4.500      2.000      2.000      1.500      1.000      0.000      0.000      0.000      1.000
     7.000      2.333      2.500      1.750      0.999      0.000      0.000      0.001      1.000
     4.500      2.000      3.000      2.000      0.988      0.000      0.000      0.012      1.000
     6.000      3.333      2.750      2.250      0.342      0.000      0.000      0.658      4.000
     7.000      5.000      4.750      4.750      0.000      0.998      0.002      0.000      2.000
     6.000      4.000      3.500      3.000      0.000      0.000      0.170      0.830      4.000
     7.000      3.000      3.000      2.250      0.253      0.000      0.000      0.747      4.000
     5.500      4.000      3.500      4.000      0.000      0.007      0.990      0.003      3.000
     5.250      2.333      2.250      2.000      0.999      0.000      0.000      0.001      1.000
     7.000      1.667      1.500      1.500      1.000      0.000      0.000      0.000      1.000
     6.250      3.667      4.250      3.750      0.000      0.007      0.986      0.007      3.000
     5.750      3.000      3.500      2.250      0.045      0.000      0.000      0.955      4.000
     4.750      3.667      3.500      3.500      0.000      0.000      0.849      0.151      3.000
     5.500      2.667      3.000      2.000      0.904      0.000      0.000      0.096      1.000
     4.500      1.000      1.500      1.250      1.000      0.000      0.000      0.000      1.000
     7.000      3.667      3.500      2.750      0.000      0.000      0.018      0.982      4.000
     5.500      3.667      4.000      4.250      0.000      0.052      0.948      0.000      3.000
     6.750      4.333      4.750      4.750      0.000      0.990      0.010      0.000      2.000
     7.000      3.667      3.750      4.000      0.000      0.017      0.979      0.004      3.000
     5.500      4.333      4.000      4.250      0.000      0.205      0.795      0.000      3.000
     5.500      3.667      3.250      2.750      0.000      0.000      0.013      0.986      4.000
     6.000      3.667      4.250      4.250      0.000      0.126      0.874      0.000      3.000
     6.000      3.667      1.500      1.500      1.000      0.000      0.000      0.000      1.000
     6.000      2.000      2.000      2.000      1.000      0.000      0.000      0.000      1.000
     7.000      3.667      3.250      3.750      0.000      0.001      0.929      0.070      3.000
     7.000      3.000      3.250      3.000      0.000      0.000      0.023      0.976      4.000
     5.250      1.667      2.000      1.250      1.000      0.000      0.000      0.000      1.000
     5.500      3.000      4.000      4.000      0.000      0.002      0.993      0.005      3.000
     5.500      3.333      3.750      3.000      0.000      0.000      0.129      0.871      4.000
     4.000      1.667      3.750      3.500      0.000      0.000      0.384      0.616      4.000
     6.000      2.333      2.750      1.750      0.998      0.000      0.000      0.002      1.000
     3.250      2.000      4.000      2.750      0.003      0.000      0.009      0.988      4.000
     4.750      3.667      4.000      4.000      0.000      0.006      0.992      0.002      3.000
     6.000      3.000      3.250      3.000      0.000      0.000      0.027      0.972      4.000
     6.000      4.000      4.000      4.000      0.000      0.033      0.966      0.001      3.000
     2.750      3.000      4.000      3.750      0.000      0.000      0.982      0.018      3.000
     7.000      5.000      4.000      4.000      0.000      0.418      0.582      0.000      3.000
     5.500      3.333      3.500      3.750      0.000      0.000      0.948      0.052      3.000
     6.250      4.000      3.750      3.500      0.000      0.001      0.923      0.076      3.000
     6.000      4.000      2.750      2.750      0.001      0.000      0.007      0.992      4.000
     5.250      2.333      4.250      3.250      0.000      0.000      0.396      0.604      4.000
     5.000      3.000      4.000      3.250      0.000      0.000      0.507      0.493      3.000
     6.000      4.667      4.750      4.250      0.000      0.834      0.166      0.000      2.000
     7.000      4.000      4.250      4.000      0.000      0.114      0.885      0.001      3.000
     4.500      3.333      3.500      3.000      0.000      0.000      0.092      0.908      4.000
     3.750      3.000      4.500      3.500      0.000      0.000      0.958      0.042      3.000
     5.250      2.333      2.250      2.250      0.991      0.000      0.000      0.009      1.000
     6.500      3.667      4.500      4.750      0.000      0.904      0.096      0.000      2.000
     5.750      2.667      3.250      2.000      0.739      0.000      0.000      0.261      1.000
     7.000      3.333      3.750      2.500      0.001      0.000      0.003      0.996      4.000
     5.000      3.333      4.000      3.750      0.000      0.001      0.983      0.017      3.000
     6.000      4.333      5.000      5.000      0.000      0.998      0.002      0.000      2.000
     4.000      3.000      2.750      2.000      0.942      0.000      0.000      0.058      1.000
     5.500      3.667      3.250      3.000      0.000      0.000      0.074      0.926      4.000
     6.000      4.000      4.750      5.000      0.000      0.992      0.008      0.000      2.000
     4.250      1.333      1.750      1.000      1.000      0.000      0.000      0.000      1.000
     6.000      4.000      4.000      4.000      0.000      0.033      0.966      0.001      3.000
     4.000      4.000      4.000      4.500      0.000      0.167      0.833      0.000      3.000
     5.000      3.333      2.750      3.500      0.000      0.000      0.393      0.607      4.000
     6.000      4.000      4.000      4.000      0.000      0.033      0.966      0.001      3.000
     4.000      3.667      5.000      3.750      0.000      0.009      0.990      0.001      3.000
     4.250      4.000      4.500      4.000      0.000      0.032      0.968      0.000      3.000
     6.000      3.667      3.000      3.000      0.000      0.000      0.041      0.959      4.000
     4.000      2.333      4.750      4.500      0.000      0.025      0.975      0.000      3.000
     6.000      4.000      3.750      3.750      0.000      0.004      0.983      0.013      3.000
     4.750      4.000      4.500      4.250      0.000      0.190      0.810      0.000      3.000
     6.000      4.667      5.000      5.000      0.000      0.999      0.001      0.000      2.000
     4.000      4.000      4.500      4.250      0.000      0.120      0.880      0.000      3.000
     4.500      2.667      1.750      2.500      0.985      0.000      0.000      0.015      1.000
     6.250      3.333      3.000      2.750      0.003      0.000      0.004      0.993      4.000
     5.750      3.667      3.250      3.250      0.000      0.000      0.314      0.686      4.000
     5.750      4.000      3.500      3.500      0.000      0.000      0.884      0.116      3.000
     4.500      3.667      2.750      3.500      0.000      0.000      0.532      0.468      3.000
     4.750      3.667      3.750      4.000      0.000      0.003      0.994      0.003      3.000
     5.250      4.000      3.500      3.000      0.000      0.000      0.188      0.812      4.000
     5.500      3.333      4.000      3.500      0.000      0.000      0.901      0.099      3.000
     4.500      4.000      4.250      4.250      0.000      0.096      0.904      0.000      3.000
     5.000      4.000      4.500      4.250      0.000      0.219      0.781      0.000      3.000
     5.000      3.333      3.500      3.750      0.000      0.000      0.952      0.048      3.000
     2.000      3.000      4.000      3.250      0.000      0.000      0.631      0.369      3.000
     6.750      4.333      3.250      4.500      0.000      0.334      0.666      0.000      3.000
     6.000      3.000      3.250      2.250      0.122      0.000      0.000      0.878      4.000
     5.500      2.667      3.750      2.000      0.236      0.000      0.000      0.764      4.000
     7.000      4.333      4.750      4.250      0.000      0.826      0.174      0.000      2.000
     6.500      4.000      4.500      4.000      0.000      0.142      0.857      0.000      3.000
     5.500      2.333      1.750      1.500      1.000      0.000      0.000      0.000      1.000
     5.500      4.000      3.750      4.000      0.000      0.013      0.985      0.002      3.000
     5.500      2.667      4.000      4.000      0.000      0.001      0.991      0.008      3.000
     6.000      3.667      4.500      4.000      0.000      0.051      0.949      0.001      3.000
     7.000      5.000      5.000      5.000      0.000      1.000      0.000      0.000      2.000
     4.000      2.667      4.250      2.500      0.001      0.000      0.006      0.993      4.000
     3.750      3.000      3.750      3.250      0.000      0.000      0.424      0.576      4.000
     5.250      2.333      4.000      2.750      0.001      0.000      0.010      0.989      4.000
     4.000      2.667      5.000      2.750      0.000      0.000      0.158      0.842      4.000
     4.250      1.667      1.250      1.500      1.000      0.000      0.000      0.000      1.000
     4.750      4.000      4.500      4.000      0.000      0.045      0.955      0.000      3.000
     4.000      3.667      4.500      4.250      0.000      0.059      0.941      0.000      3.000
     6.000      5.000      4.500      4.500      0.000      0.967      0.033      0.000      2.000
     5.500      3.667      4.750      3.750      0.000      0.014      0.984      0.002      3.000
     3.500      2.667      4.250      4.250      0.000      0.002      0.997      0.001      3.000
     4.750      4.667      3.500      4.000      0.000      0.019      0.980      0.001      3.000
     4.750      3.667      5.000      4.500      0.000      0.646      0.354      0.000      2.000
     2.750      3.000      4.000      4.250      0.000      0.002      0.998      0.001      3.000
     5.750      3.333      4.500      4.000      0.000      0.020      0.979      0.001      3.000
     4.000      2.667      4.000      2.750      0.000      0.000      0.021      0.979      4.000
     3.500      2.000      3.000      2.250      0.933      0.000      0.000      0.067      1.000
     5.000      2.333      2.000      2.500      0.979      0.000      0.000      0.021      1.000
     3.000      4.000      4.500      4.000      0.000      0.013      0.987      0.000      3.000
     5.500      4.000      4.000      4.000      0.000      0.023      0.976      0.001      3.000
     4.750      4.333      3.000      3.000      0.000      0.000      0.120      0.880      4.000
     5.000      4.667      5.000      4.750      0.000      0.991      0.009      0.000      2.000
     6.000      4.000      4.000      4.000      0.000      0.033      0.966      0.001      3.000
     4.000      2.333      4.000      3.000      0.000      0.000      0.073      0.927      4.000
     4.000      3.667      4.000      4.000      0.000      0.004      0.995      0.001      3.000
     6.750      4.333      5.000      5.000      0.000      0.999      0.001      0.000      2.000
     4.250      3.333      4.750      3.500      0.000      0.001      0.983      0.017      3.000
     6.000      4.000      4.000      3.500      0.000      0.001      0.955      0.044      3.000
     6.250      4.333      4.250      4.000      0.000      0.140      0.859      0.000      3.000
     4.000      3.667      4.750      4.000      0.000      0.023      0.977      0.000      3.000
     5.250      4.000      5.000      4.750      0.000      0.966      0.034      0.000      2.000
     6.000      4.667      5.000      4.500      0.000      0.979      0.021      0.000      2.000
     3.000      3.333      3.750      1.750      0.386      0.000      0.000      0.614      4.000
     3.250      2.667      3.000      1.750      0.992      0.000      0.000      0.008      1.000
     4.750      2.667      4.000      3.500      0.000      0.000      0.799      0.201      3.000
     5.500      4.000      4.500      4.500      0.000      0.667      0.333      0.000      2.000
     6.250      4.667      4.250      3.750      0.000      0.067      0.932      0.002      3.000
     3.750      3.000      3.500      3.250      0.000      0.000      0.299      0.701      4.000
     4.500      3.000      5.000      4.000      0.000      0.013      0.987      0.000      3.000
     6.000      3.667      3.500      3.750      0.000      0.001      0.964      0.035      3.000
     6.250      4.667      4.750      4.000      0.000      0.547      0.453      0.000      2.000
     4.000      3.333      3.750      4.000      0.000      0.001      0.995      0.004      3.000
     6.250      2.000      2.750      1.500      1.000      0.000      0.000      0.000      1.000
     3.500      2.333      5.000      2.750      0.000      0.000      0.112      0.888      4.000
     4.500      3.667      5.000      3.500      0.000      0.002      0.991      0.006      3.000
     4.000      3.333      3.500      4.000      0.000      0.000      0.992      0.007      3.000
     2.250      2.667      4.250      4.000      0.000      0.000      0.997      0.003      3.000
     3.000      3.333      5.000      3.500      0.000      0.000      0.992      0.008      3.000
     5.750      3.333      4.000      3.250      0.000      0.000      0.594      0.406      3.000
     4.000      3.667      4.000      4.000      0.000      0.004      0.995      0.001      3.000
     5.000      4.000      3.500      3.500      0.000      0.000      0.896      0.103      3.000
     5.250      4.333      5.000      4.750      0.000      0.984      0.016      0.000      2.000
     5.000      3.333      3.500      4.000      0.000      0.001      0.991      0.008      3.000
     5.250      3.667      4.500      4.000      0.000      0.030      0.969      0.001      3.000
     5.250      4.333      5.000      3.750      0.000      0.091      0.909      0.000      3.000
     4.000      4.000      5.000      4.500      0.000      0.698      0.302      0.000      2.000
     7.000      2.667      3.500      3.250      0.000      0.000      0.132      0.868      4.000
     5.500      3.667      4.000      2.750      0.000      0.000      0.064      0.936      4.000
     4.000      2.667      4.750      3.750      0.000      0.000      0.992      0.007      3.000
     5.250      3.667      3.000      3.500      0.000      0.000      0.633      0.367      3.000
     7.000      3.667      4.250      4.000      0.000      0.056      0.943      0.001      3.000
     4.000      4.667      5.000      5.000      0.000      0.996      0.004      0.000      2.000
     4.000      3.667      5.000      4.000      0.000      0.041      0.959      0.000      3.000
     5.000      4.000      4.000      4.000      0.000      0.016      0.983      0.001      3.000
     4.000      3.333      5.000      2.500      0.000      0.000      0.075      0.925      4.000
     2.000      2.333      5.000      4.000      0.000      0.000      0.999      0.001      3.000
     5.000      3.333      3.500      3.000      0.000      0.000      0.085      0.915      4.000
     4.750      3.000      3.750      3.000      0.000      0.000      0.094      0.906      4.000
     4.250      3.000      3.750      3.500      0.000      0.000      0.802      0.198      3.000
     5.250      3.667      5.000      4.500      0.000      0.723      0.277      0.000      2.000
     5.250      4.000      3.500      3.500      0.000      0.000      0.892      0.107      3.000
     5.500      4.000      3.000      3.000      0.000      0.000      0.069      0.931      4.000
     5.000      3.000      4.500      3.750      0.000      0.001      0.990      0.009      3.000
     4.500      3.000      3.500      3.250      0.000      0.000      0.273      0.727      4.000
     3.500      3.333      4.000      3.750      0.000      0.000      0.987      0.013      3.000
     5.750      4.333      4.500      4.500      0.000      0.839      0.161      0.000      2.000
     6.250      4.000      4.500      4.500      0.000      0.774      0.226      0.000      2.000
     5.500      3.000      5.000      3.750      0.000      0.005      0.991      0.003      3.000
     4.000      3.000      3.750      3.000      0.000      0.000      0.105      0.895      4.000
     4.250      3.667      5.000      4.000      0.000      0.049      0.951      0.000      3.000
     5.500      2.667      4.500      3.750      0.000      0.001      0.984      0.016      3.000
     5.500      3.333      3.250      2.750      0.001      0.000      0.008      0.991      4.000
     5.000      3.000      4.250      3.750      0.000      0.001      0.984      0.015      3.000
     6.750      4.000      4.000      4.000      0.000      0.055      0.944      0.001      3.000
     4.750      4.000      3.750      3.250      0.000      0.000      0.723      0.277      3.000
     5.000      3.000      3.750      3.250      0.000      0.000      0.373      0.627      4.000
     5.000      5.000      4.750      3.250      0.000      0.009      0.981      0.011      3.000
     7.000      4.333      3.500      4.500      0.000      0.526      0.474      0.000      2.000
     4.500      4.000      4.000      3.500      0.000      0.000      0.965      0.034      3.000
     6.250      4.333      5.000      4.750      0.000      0.992      0.008      0.000      2.000
     5.000      3.667      4.750      4.750      0.000      0.855      0.145      0.000      2.000
     7.000      3.333      3.750      4.000      0.000      0.008      0.985      0.007      3.000
     5.000      4.000      3.750      3.000      0.000      0.000      0.294      0.706      4.000
     6.000      3.667      3.750      3.000      0.000      0.000      0.179      0.821      4.000
     3.250      2.333      3.750      3.750      0.000      0.000      0.917      0.083      3.000
     4.750      3.667      5.000      4.000      0.000      0.069      0.931      0.000      3.000
     3.500      2.667      3.750      3.250      0.000      0.000      0.322      0.677      4.000
     4.500      2.667      4.750      3.500      0.000      0.000      0.955      0.045      3.000
     6.250      3.000      3.250      2.000      0.491      0.000      0.000      0.509      4.000
     4.750      4.000      3.750      4.000      0.000      0.007      0.991      0.002      3.000
     4.500      3.000      3.750      3.250      0.000      0.000      0.393      0.607      4.000
     6.000      5.000      4.750      4.750      0.000      0.996      0.004      0.000      2.000
     5.000      4.000      3.750      3.500      0.000      0.000      0.937      0.063      3.000
     5.000      4.000      4.250      4.000      0.000      0.030      0.970      0.001      3.000
     5.000      2.000      2.000      2.000      1.000      0.000      0.000      0.000      1.000
     6.000      2.000      2.500      2.000      0.998      0.000      0.000      0.002      1.000
     5.000      4.667      5.000      3.500      0.000      0.035      0.963      0.002      3.000
     3.500      3.333      3.000      3.500      0.000      0.000      0.590      0.410      3.000
     5.750      4.000      4.750      4.250      0.000      0.470      0.530      0.000      3.000
     6.500      3.667      4.500      4.000      0.000      0.071      0.929      0.001      3.000
     5.500      4.000      4.000      3.000      0.000      0.000      0.398      0.602      4.000
     4.000      2.333      2.750      3.250      0.005      0.000      0.029      0.966      4.000
     6.250      4.000      3.250      4.000      0.000      0.006      0.987      0.007      3.000
     5.000      3.667      3.250      3.500      0.000      0.000      0.757      0.243      3.000
     6.500      3.333      3.500      3.000      0.000      0.000      0.067      0.933      4.000
     4.250      4.000      4.000      4.500      0.000      0.194      0.806      0.000      3.000
     4.250      3.000      4.500      4.000      0.000      0.003      0.995      0.001      3.000
     4.500      2.667      2.750      2.250      0.835      0.000      0.000      0.165      1.000
     6.750      4.667      3.500      4.500      0.000      0.668      0.332      0.000      2.000
     4.000      2.333      4.000      3.250      0.000      0.000      0.319      0.681      4.000
     5.000      4.000      4.000      4.000      0.000      0.016      0.983      0.001      3.000
     4.250      3.333      3.750      3.500      0.000      0.000      0.867      0.133      3.000
     5.000      4.667      4.750      4.750      0.000      0.984      0.016      0.000      2.000
     6.000      2.333      3.500      2.250      0.230      0.000      0.000      0.770      4.000
     5.250      3.333      4.000      4.000      0.000      0.004      0.993      0.003      3.000
     5.500      3.333      4.750      4.000      0.000      0.031      0.969      0.001      3.000
     5.500      4.000      3.750      3.500      0.000      0.000      0.932      0.068      3.000
     5.750      2.000      4.750      3.750      0.000      0.000      0.975      0.024      3.000
     6.500      4.000      3.750      4.000      0.000      0.026      0.972      0.002      3.000
     5.500      3.333      3.500      4.250      0.000      0.007      0.991      0.002      3.000
     6.750      2.667      3.500      4.000      0.000      0.001      0.971      0.028      3.000
     7.000      4.333      4.750      4.500      0.000      0.959      0.041      0.000      2.000
     6.750      4.000      3.500      4.000      0.000      0.017      0.979      0.004      3.000
     4.000      2.333      5.000      4.000      0.000      0.002      0.997      0.001      3.000
     4.000      3.667      4.000      4.000      0.000      0.004      0.995      0.001      3.000
     4.500      4.000      3.750      4.000      0.000      0.006      0.992      0.002      3.000
     4.750      3.000      3.750      2.500      0.003      0.000      0.003      0.995      4.000
     6.000      2.667      2.750      2.250      0.778      0.000      0.000      0.222      1.000
     4.000      2.000      1.250      2.000      1.000      0.000      0.000      0.000      1.000
     4.750      3.667      4.750      3.750      0.000      0.008      0.990      0.002      3.000
     6.000      4.000      3.500      3.500      0.000      0.000      0.879      0.120      3.000
     4.000      3.333      4.000      3.750      0.000      0.000      0.986      0.014      3.000
     5.250      3.667      3.750      4.000      0.000      0.005      0.992      0.003      3.000
     5.500      4.000      3.000      3.500      0.000      0.000      0.728      0.272      3.000
     4.500      3.333      4.000      3.750      0.000      0.000      0.984      0.015      3.000
     5.500      4.000      4.000      3.250      0.000      0.000      0.798      0.201      3.000
     3.750      2.667      3.500      4.000      0.000      0.000      0.983      0.017      3.000
     4.250      4.000      4.750      3.750      0.000      0.012      0.987      0.001      3.000
     6.250      3.667      3.000      1.250      0.995      0.000      0.000      0.005      1.000
     5.500      3.667      4.500      4.000      0.000      0.036      0.964      0.001      3.000
     5.250      4.000      3.500      3.500      0.000      0.000      0.892      0.107      3.000
     5.500      4.000      3.500      3.500      0.000      0.000      0.888      0.112      3.000
     5.000      2.333      2.000      2.000      1.000      0.000      0.000      0.000      1.000
     4.250      4.333      4.250      4.750      0.000      0.827      0.173      0.000      2.000
     5.000      3.667      4.750      4.000      0.000      0.046      0.954      0.000      3.000
     5.250      4.000      3.750      2.750      0.000      0.000      0.063      0.937      4.000
     5.000      4.333      4.000      3.250      0.000      0.000      0.874      0.126      3.000
     4.000      4.000      4.750      4.250      0.000      0.202      0.798      0.000      3.000
     5.250      2.667      4.250      2.750      0.000      0.000      0.029      0.971      4.000
     7.000      2.667      4.750      4.000      0.000      0.019      0.979      0.002      3.000
     4.750      4.000      4.000      3.250      0.000      0.000      0.818      0.182      3.000
     4.250      3.333      3.000      3.500      0.000      0.000      0.559      0.441      3.000
     6.000      4.000      4.000      3.500      0.000      0.001      0.955      0.044      3.000
     4.750      2.000      4.750      2.000      0.026      0.000      0.000      0.974      4.000
     4.750      3.000      2.500      2.250      0.851      0.000      0.000      0.149      1.000
     6.750      4.333      4.500      2.750      0.000      0.000      0.301      0.699      4.000
     5.250      4.000      4.000      3.000      0.000      0.000      0.409      0.591      4.000
     4.750      2.333      3.000      2.750      0.067      0.000      0.001      0.932      4.000
     6.250      2.000      2.000      1.500      1.000      0.000      0.000      0.000      1.000
     6.750      4.000      3.750      4.000      0.000      0.031      0.967      0.002      3.000
     5.750      4.333      4.000      4.250      0.000      0.235      0.764      0.000      3.000
     7.000      4.000      4.000      4.000      0.000      0.065      0.933      0.001      3.000
     3.500      3.333      4.750      4.500      0.000      0.156      0.843      0.000      3.000
     5.250      4.000      3.750      4.000      0.000      0.011      0.987      0.002      3.000
     3.500      3.333      4.500      4.250      0.000      0.020      0.980      0.000      3.000
     5.000      4.000      5.000      4.500      0.000      0.826      0.174      0.000      2.000
     3.750      1.667      2.250      1.750      1.000      0.000      0.000      0.000      1.000
     4.250      2.000      2.000      2.000      1.000      0.000      0.000      0.000      1.000
     6.250      4.000      4.000      3.250      0.000      0.000      0.777      0.223      3.000
     5.750      4.000      4.000      3.250      0.000      0.000      0.792      0.208      3.000
     6.000      3.667      3.250      2.500      0.003      0.000      0.002      0.995      4.000
     6.250      2.667      4.000      3.500      0.000      0.000      0.755      0.244      3.000
     7.000      4.333      5.000      5.000      0.000      0.999      0.001      0.000      2.000
     4.000      2.000      2.000      2.000      1.000      0.000      0.000      0.000      1.000
     4.500      2.000      2.750      2.500      0.822      0.000      0.000      0.178      1.000
     7.000      4.333      4.000      2.750      0.000      0.000      0.122      0.878      4.000
     7.000      5.000      4.000      4.500      0.000      0.947      0.053      0.000      2.000
     5.500      4.000      3.750      3.250      0.000      0.000      0.697      0.303      3.000
     5.000      3.000      2.250      1.750      0.999      0.000      0.000      0.001      1.000
     4.500      4.000      3.500      3.750      0.000      0.001      0.982      0.017      3.000
     1.750      1.667      3.500      2.000      0.977      0.000      0.000      0.023      1.000
     5.750      4.667      4.000      3.250      0.000      0.001      0.907      0.092      3.000
     5.750      3.000      3.250      2.500      0.019      0.000      0.001      0.980      4.000
     4.750      3.000      4.250      3.750      0.000      0.000      0.985      0.015      3.000
     6.500      3.667      4.000      4.500      0.000      0.357      0.643      0.000      3.000
     5.000      3.000      3.250      2.750      0.003      0.000      0.006      0.991      4.000
     7.000      5.000      5.000      5.000      0.000      1.000      0.000      0.000      2.000
     5.500      3.333      4.500      4.500      0.000      0.298      0.702      0.000      3.000
     5.750      3.333      3.000      2.500      0.023      0.000      0.001      0.976      4.000
     4.000      4.667      5.000      4.750      0.000      0.982      0.018      0.000      2.000
     7.000      4.000      3.500      3.750      0.000      0.004      0.970      0.026      3.000
     6.250      2.000      2.500      2.500      0.903      0.000      0.000      0.097      1.000
     7.000      4.333      4.750      4.750      0.000      0.992      0.008      0.000      2.000
     4.250      4.000      4.500      4.750      0.000      0.802      0.198      0.000      2.000
     5.000      2.000      4.250      3.750      0.000      0.000      0.938      0.062      3.000
     6.000      4.667      4.000      4.250      0.000      0.445      0.555      0.000      3.000
     6.250      4.000      4.000      4.000      0.000      0.039      0.960      0.001      3.000
     4.500      2.333      4.000      2.750      0.001      0.000      0.012      0.987      4.000
     5.500      3.333      4.500      3.750      0.000      0.003      0.991      0.006      3.000
     5.750      3.667      3.750      3.500      0.000      0.000      0.891      0.109      3.000
     6.000      4.333      4.500      4.250      0.000      0.556      0.444      0.000      2.000
     7.000      3.333      4.000      4.000      0.000      0.015      0.982      0.004      3.000
     5.500      4.000      3.500      3.750      0.000      0.001      0.978      0.021      3.000
     6.500      4.333      5.000      5.000      0.000      0.999      0.001      0.000      2.000
     6.250      3.000      2.250      3.000      0.029      0.000      0.003      0.968      4.000
     4.750      3.667      4.500      4.250      0.000      0.097      0.903      0.000      3.000
     6.250      4.000      3.750      3.250      0.000      0.000      0.669      0.331      3.000
     5.750      3.333      3.500      3.250      0.000      0.000      0.329      0.671      4.000
     5.250      3.667      4.000      3.750      0.000      0.002      0.987      0.011      3.000
     4.750      3.667      4.500      3.500      0.000      0.001      0.979      0.020      3.000
     6.000      3.333      3.500      4.250      0.000      0.010      0.988      0.002      3.000
     7.000      4.000      3.500      3.000      0.000      0.000      0.147      0.853      4.000
     4.500      2.333      2.500      2.000      0.997      0.000      0.000      0.003      1.000
     5.750      4.000      3.750      3.750      0.000      0.003      0.984      0.012      3.000
     5.500      4.000      5.000      5.000      0.000      0.994      0.006      0.000      2.000
     5.000      2.333      3.000      2.250      0.788      0.000      0.000      0.212      1.000
     3.750      2.667      3.750      4.000      0.000      0.000      0.990      0.010      3.000
     6.500      4.000      4.000      4.000      0.000      0.046      0.952      0.001      3.000
     6.000      3.667      4.000      3.250      0.000      0.000      0.693      0.307      3.000
     6.000      3.667      4.000      3.750      0.000      0.003      0.985      0.012      3.000
     4.250      2.333      2.500      2.250      0.978      0.000      0.000      0.022      1.000
     4.750      3.333      3.750      4.000      0.000      0.002      0.994      0.005      3.000
     4.000      3.000      2.750      2.750      0.039      0.000      0.002      0.959      4.000
     5.750      3.667      2.750      3.000      0.001      0.000      0.025      0.974      4.000
     7.000      4.667      5.000      4.000      0.000      0.792      0.208      0.000      2.000
     7.000      5.000      4.750      4.000      0.000      0.818      0.182      0.000      2.000
     6.250      4.333      3.500      4.500      0.000      0.393      0.607      0.000      3.000
     5.750      1.667      2.000      2.000      1.000      0.000      0.000      0.000      1.000
     6.000      4.000      4.750      4.250      0.000      0.515      0.485      0.000      2.000
     7.000      5.000      4.250      3.500      0.000      0.050      0.943      0.007      3.000
     6.750      4.333      4.500      4.500      0.000      0.914      0.086      0.000      2.000
     5.500      1.667      4.000      3.000      0.001      0.000      0.023      0.977      4.000
     4.750      3.333      4.000      2.750      0.000      0.000      0.046      0.954      4.000
     6.000      1.333      1.250      1.000      1.000      0.000      0.000      0.000      1.000
     6.500      4.000      4.250      4.000      0.000      0.082      0.917      0.001      3.000
     5.500      3.333      3.750      4.000      0.000      0.003      0.992      0.005      3.000
     6.000      2.333      4.000      2.750      0.001      0.000      0.009      0.990      4.000
     5.500      4.000      3.750      3.750      0.000      0.003      0.985      0.012      3.000
     6.000      3.667      3.750      4.000      0.000      0.008      0.988      0.004      3.000
     6.000      4.000      5.000      4.750      0.000      0.980      0.020      0.000      2.000
     3.000      3.333      4.750      3.500      0.000      0.000      0.986      0.014      3.000
     4.500      3.000      2.500      2.250      0.859      0.000      0.000      0.141      1.000
     5.250      4.667      3.500      4.500      0.000      0.407      0.593      0.000      3.000
     5.000      3.667      4.000      3.750      0.000      0.002      0.988      0.010      3.000
     5.750      3.667      4.750      4.500      0.000      0.670      0.330      0.000      2.000
     4.250      2.333      3.750      3.500      0.000      0.000      0.609      0.391      3.000
     5.250      2.333      4.000      4.000      0.000      0.000      0.987      0.012      3.000
     4.750      2.333      5.000      2.250      0.000      0.000      0.003      0.997      4.000
     5.250      2.000      2.250      2.000      1.000      0.000      0.000      0.000      1.000
     5.250      3.667      3.750      3.250      0.000      0.000      0.598      0.402      3.000
     4.000      4.333      4.500      4.000      0.000      0.056      0.943      0.000      3.000
     6.250      3.667      4.250      3.250      0.000      0.000      0.789      0.211      3.000
     4.000      2.000      2.750      1.500      1.000      0.000      0.000      0.000      1.000
     4.250      3.000      3.750      3.500      0.000      0.000      0.802      0.198      3.000
     5.250      4.000      4.000      4.000      0.000      0.019      0.979      0.001      3.000
     4.000      2.667      3.500      3.250      0.000      0.000      0.202      0.798      4.000
     4.000      1.667      2.750      1.750      1.000      0.000      0.000      0.000      1.000
     6.250      3.667      5.000      4.250      0.000      0.519      0.481      0.000      2.000
     6.750      2.333      3.000      2.000      0.947      0.000      0.000      0.053      1.000
     6.000      4.333      3.250      3.750      0.000      0.002      0.974      0.024      3.000
     5.500      3.000      4.000      3.750      0.000      0.000      0.971      0.029      3.000
     5.750      3.667      4.250      3.750      0.000      0.005      0.988      0.007      3.000
     5.750      1.333      1.750      1.000      1.000      0.000      0.000      0.000      1.000
     5.250      3.333      2.750      3.250      0.000      0.000      0.094      0.906      4.000
     4.750      1.667      4.500      3.750      0.000      0.000      0.944      0.056      3.000
     5.000      3.333      2.500      3.500      0.000      0.000      0.273      0.727      4.000
     7.000      5.000      4.750      5.000      0.000      1.000      0.000      0.000      2.000
     5.500      3.667      4.000      4.000      0.000      0.011      0.987      0.002      3.000
     5.500      2.667      4.000      3.750      0.000      0.000      0.954      0.045      3.000
     7.000      3.667      4.000      3.250      0.000      0.000      0.656      0.344      3.000
     6.000      3.000      2.500      2.500      0.362      0.000      0.000      0.637      4.000
     6.750      3.000      2.000      1.750      0.999      0.000      0.000      0.001      1.000
     4.500      3.000      4.000      3.500      0.000      0.000      0.870      0.130      3.000
     2.750      2.667      2.500      2.000      0.994      0.000      0.000      0.006      1.000
     5.500      2.333      3.500      3.250      0.000      0.000      0.109      0.891      4.000
     4.000      1.667      3.750      3.250      0.000      0.000      0.094      0.905      4.000
     5.750      3.667      4.000      4.000      0.000      0.013      0.985      0.002      3.000
     7.000      3.000      4.000      3.500      0.000      0.000      0.814      0.185      3.000
     6.000      3.667      3.750      3.000      0.000      0.000      0.179      0.821      4.000
     3.750      3.667      3.500      4.250      0.000      0.005      0.995      0.001      3.000
     4.250      2.667      4.000      4.250      0.000      0.002      0.997      0.001      3.000
     4.500      3.667      4.250      4.000      0.000      0.010      0.989      0.001      3.000
     5.250      3.000      3.250      3.500      0.000      0.000      0.534      0.466      3.000
     3.750      5.000      3.000      3.750      0.000      0.001      0.988      0.011      3.000
     5.000      3.000      4.000      4.250      0.000      0.008      0.991      0.001      3.000
     6.750      3.333      4.000      3.750      0.000      0.002      0.976      0.022      3.000
     6.250      3.667      4.250      3.750      0.000      0.007      0.986      0.007      3.000
     3.000      1.667      2.250      1.750      1.000      0.000      0.000      0.000      1.000
     6.000      3.667      4.000      3.750      0.000      0.003      0.985      0.012      3.000
     5.750      4.333      3.500      3.750      0.000      0.004      0.983      0.013      3.000
     4.000      4.000      4.000      4.000      0.000      0.008      0.991      0.001      3.000
     4.750      3.667      3.750      3.750      0.000      0.001      0.982      0.017      3.000
     4.000      3.333      4.250      2.750      0.000      0.000      0.086      0.914      4.000
     5.250      4.000      4.000      3.500      0.000      0.001      0.960      0.039      3.000
     5.750      3.333      3.750      3.250      0.000      0.000      0.458      0.542      4.000
     4.000      5.000      4.500      5.000      0.000      0.994      0.006      0.000      2.000
     7.000      3.000      3.000      3.750      0.000      0.000      0.747      0.253      3.000
     4.500      3.000      4.750      4.250      0.000      0.034      0.966      0.000      3.000
     6.750      4.333      4.250      4.750      0.000      0.967      0.033      0.000      2.000
     3.250      2.000      3.500      4.000      0.000      0.000      0.960      0.040      3.000
     5.500      3.333      4.000      3.500      0.000      0.000      0.901      0.099      3.000
     5.000      3.333      3.750      3.500      0.000      0.000      0.852      0.148      3.000
     6.000      3.000      2.250      2.250      0.929      0.000      0.000      0.071      1.000
     5.250      4.667      4.250      4.250      0.000      0.463      0.537      0.000      3.000
     3.000      4.000      4.000      4.000      0.000      0.004      0.995      0.001      3.000
     6.500      4.000      4.000      4.000      0.000      0.046      0.952      0.001      3.000
     5.750      4.333      4.500      4.250      0.000      0.511      0.489      0.000      2.000
     5.500      4.000      4.500      3.500      0.000      0.003      0.983      0.014      3.000
     4.250      3.000      4.750      3.750      0.000      0.001      0.994      0.005      3.000
     4.750      3.333      3.500      3.750      0.000      0.000      0.954      0.046      3.000
     4.750      3.667      3.750      3.250      0.000      0.000      0.618      0.382      3.000
     6.750      4.667      5.000      4.750      0.000      0.997      0.003      0.000      2.000
     5.000      3.667      5.000      4.250      0.000      0.305      0.695      0.000      3.000
     5.750      2.667      4.000      3.750      0.000      0.000      0.952      0.047      3.000
     6.500      5.000      3.750      4.250      0.000      0.575      0.425      0.000      2.000
     4.750      3.000      3.250      3.750      0.000      0.000      0.882      0.118      3.000
     5.000      3.333      3.500      3.750      0.000      0.000      0.952      0.048      3.000
     4.750      3.667      4.750      5.000      0.000      0.961      0.039      0.000      2.000
     4.000      3.000      4.000      3.000      0.000      0.000      0.169      0.831      4.000
     4.250      2.667      2.250      3.000      0.114      0.000      0.002      0.884      4.000
     6.000      3.333      3.000      3.500      0.000      0.000      0.486      0.514      4.000
     6.000      4.000      3.500      3.500      0.000      0.000      0.879      0.120      3.000
     6.000      3.333      3.250      3.000      0.000      0.000      0.043      0.956      4.000
     5.750      3.667      3.750      4.000      0.000      0.007      0.990      0.003      3.000
     5.000      3.667      4.250      4.000      0.000      0.014      0.985      0.001      3.000
     7.000      3.000      5.000      3.750      0.000      0.015      0.980      0.004      3.000
     4.500      3.667      3.500      3.000      0.000      0.000      0.140      0.860      4.000
     6.750      2.667      2.750      2.000      0.956      0.000      0.000      0.044      1.000
     6.500      4.000      4.000      4.500      0.000      0.547      0.453      0.000      2.000
     6.250      4.333      3.750      4.250      0.000      0.193      0.807      0.000      3.000
     5.500      2.667      3.750      3.250      0.000      0.000      0.253      0.747      4.000
     6.000      4.333      4.000      3.500      0.000      0.003      0.970      0.028      3.000
     6.750      3.333      4.250      4.250      0.000      0.102      0.898      0.000      3.000
     5.250      3.000      3.250      3.000      0.000      0.000      0.031      0.969      4.000
     4.750      3.333      4.500      3.250      0.000      0.000      0.838      0.162      3.000
     5.500      3.667      3.500      3.500      0.000      0.000      0.831      0.168      3.000
     7.000      3.333      2.000      2.000      0.989      0.000      0.000      0.011      1.000
     4.500      3.000      4.000      3.750      0.000      0.000      0.975      0.024      3.000
     6.000      4.333      4.250      3.750      0.000      0.027      0.971      0.003      3.000
     7.000      3.333      2.500      2.500      0.146      0.000      0.000      0.854      4.000
     5.750      3.000      3.750      3.500      0.000      0.000      0.759      0.241      3.000
     6.000      3.000      4.000      3.750      0.000      0.001      0.968      0.031      3.000
     5.000      4.000      4.000      3.250      0.000      0.000      0.812      0.188      3.000
     5.250      3.667      3.500      4.000      0.000      0.003      0.992      0.005      3.000
     5.500      4.000      4.250      3.750      0.000      0.009      0.987      0.004      3.000
     5.000      3.667      3.750      3.250      0.000      0.000      0.608      0.392      3.000
     6.000      3.333      3.250      2.500      0.007      0.000      0.001      0.992      4.000
     3.250      2.000      1.750      2.250      1.000      0.000      0.000      0.000      1.000
     6.500      5.000      5.000      5.000      0.000      1.000      0.000      0.000      2.000
     4.250      4.000      4.000      3.500      0.000      0.000      0.967      0.033      3.000
     5.750      2.333      2.750      2.250      0.906      0.000      0.000      0.094      1.000
     6.000      3.333      3.750      2.500      0.001      0.000      0.004      0.996      4.000
     4.750      2.667      3.500      2.750      0.003      0.000      0.006      0.991      4.000
     5.000      4.333      4.000      4.000      0.000      0.035      0.965      0.001      3.000
     4.750      4.333      4.500      3.750      0.000      0.020      0.979      0.001      3.000
     4.500      3.333      4.000      4.000      0.000      0.002      0.995      0.003      3.000
     6.000      4.000      3.500      4.000      0.000      0.010      0.986      0.004      3.000
     4.000      3.333      4.000      3.000      0.000      0.000      0.247      0.753      4.000
     6.750      4.667      4.000      4.750      0.000      0.971      0.029      0.000      2.000
     5.000      2.667      2.750      3.000      0.011      0.000      0.007      0.982      4.000
     6.000      4.333      4.000      4.250      0.000      0.269      0.731      0.000      3.000
     4.500      3.667      3.750      2.750      0.000      0.000      0.045      0.955      4.000
     4.750      3.333      4.750      4.250      0.000      0.084      0.916      0.000      3.000
     4.000      2.667      4.000      4.000      0.000      0.000      0.994      0.006      3.000
     6.750      4.000      3.500      4.000      0.000      0.017      0.979      0.004      3.000
     7.000      5.000      4.500      4.750      0.000      0.997      0.003      0.000      2.000
     7.000      4.667      4.750      5.000      0.000      0.999      0.001      0.000      2.000
     6.750      3.667      3.250      3.000      0.000      0.000      0.061      0.939      4.000
     6.000      4.000      3.500      4.000      0.000      0.010      0.986      0.004      3.000
     4.000      3.333      5.000      4.750      0.000      0.709      0.291      0.000      2.000
     5.500      3.667      4.000      4.000      0.000      0.011      0.987      0.002      3.000
     5.500      4.000      3.750      3.750      0.000      0.003      0.985      0.012      3.000
     5.000      4.000      4.000      4.000      0.000      0.016      0.983      0.001      3.000
     4.750      4.667      4.250      3.750      0.000      0.024      0.975      0.001      3.000
     5.250      4.000      4.250      3.500      0.000      0.001      0.976      0.023      3.000
     5.500      2.000      2.250      3.000      0.390      0.000      0.001      0.609      4.000
     4.750      3.667      3.500      3.750      0.000      0.000      0.971      0.029      3.000
     4.000      3.000      4.500      3.750      0.000      0.001      0.992      0.008      3.000
     4.000      2.000      5.000      3.250      0.000      0.000      0.721      0.279      3.000
     5.500      3.000      3.250      2.750      0.003      0.000      0.005      0.992      4.000
