     6.500      2.000      2.250      2.000      1.000      0.000      1.000
     6.250      3.000      3.750      3.000      0.032      0.968      2.000
     5.750      3.667      3.500      3.750      0.000      1.000      2.000
     5.500      2.667      3.000      2.500      0.964      0.036      1.000
     5.500      4.000      3.500      3.750      0.000      1.000      2.000
     6.500      3.667      3.250      3.500      0.004      0.996      2.000
     5.250      1.000      1.750      1.000      1.000      0.000      1.000
     7.000      3.333      4.000      2.750      0.013      0.987      2.000
     6.500      2.333      2.500      2.000      1.000      0.000      1.000
     7.000      3.000      3.000      3.500      0.070      0.930      2.000
     6.000      2.333      3.750      2.500      0.722      0.278      1.000
     4.750      2.667      2.000      2.000      1.000      0.000      1.000
     6.750      2.667      3.750      2.750      0.217      0.783      2.000
     6.250      3.667      4.000      3.000      0.002      0.998      2.000
     5.250      4.000      4.250      5.000      0.000      1.000      2.000
     6.500      5.000      4.000      4.500      0.000      1.000      2.000
     6.250      1.333      2.250      1.750      1.000      0.000      1.000
     7.000      4.000      3.250      3.500      0.001      0.999      2.000
     5.750      1.667      2.250      1.500      1.000      0.000      1.000
     6.250      2.667      4.000      1.500      0.974      0.026      1.000
     5.000      4.000      3.000      3.000      0.051      0.949      2.000
     6.000      4.000      3.750      2.750      0.006      0.994      2.000
     5.500      2.667      2.750      1.250      1.000      0.000      1.000
     4.750      2.333      3.000      1.750      1.000      0.000      1.000
     5.500      4.000      3.500      4.000      0.000      1.000      2.000
     6.750      4.333      4.250      4.500      0.000      1.000      2.000
     5.750      4.000      3.250      3.250      0.005      0.995      2.000
     6.250      3.667      3.500      2.000      0.627      0.373      1.000
     5.250      3.000      2.750      3.000      0.742      0.258      1.000
     5.750      2.333      2.000      2.000      1.000      0.000      1.000
     6.750      3.000      3.500      3.250      0.028      0.972      2.000
     5.750      2.667      4.000      2.500      0.252      0.748      2.000
     6.000      4.333      3.750      3.000      0.001      0.999      2.000
     6.000      2.667      4.000      3.750      0.001      0.999      2.000
     6.000      3.667      4.000      3.500      0.000      1.000      2.000
     7.000      3.667      4.000      3.750      0.000      1.000      2.000
     4.500      1.333      2.250      2.000      1.000      0.000      1.000
     6.000      4.000      3.250      3.250      0.005      0.995      2.000
     4.000      3.000      3.250      3.000      0.267      0.733      2.000
     5.500      4.000      4.000      3.750      0.000      1.000      2.000
     7.000      5.000      5.000      5.000      0.000      1.000      2.000
     5.250      4.000      4.000      3.250      0.000      1.000      2.000
     7.000      3.000      2.750      2.750      0.889      0.111      1.000
     5.750      3.000      3.500      3.500      0.009      0.991      2.000
     5.250      2.667      2.250      3.000      0.985      0.015      1.000
     7.000      2.333      2.500      2.250      0.999      0.001      1.000
     6.000      4.000      3.750      3.750      0.000      1.000      2.000
     7.000      3.000      3.500      2.250      0.768      0.232      1.000
     5.000      1.667      1.500      1.500      1.000      0.000      1.000
     7.000      2.000      3.750      2.500      0.862      0.138      1.000
     7.000      4.333      4.750      4.250      0.000      1.000      2.000
     7.000      3.000      3.500      3.000      0.085      0.915      2.000
     5.500      4.333      3.750      3.750      0.000      1.000      2.000
     6.500      2.333      3.000      2.000      0.999      0.001      1.000
     5.500      3.667      3.750      3.500      0.000      1.000      2.000
     6.500      2.333      2.250      1.750      1.000      0.000      1.000
     6.000      4.000      4.000      4.000      0.000      1.000      2.000
     5.500      4.000      3.750      3.250      0.001      0.999      2.000
     5.500      4.333      3.750      3.500      0.000      1.000      2.000
     6.250      3.667      3.250      3.750      0.001      0.999      2.000
     2.000      1.667      2.500      1.500      1.000      0.000      1.000
     6.250      3.000      3.000      3.000      0.468      0.532      2.000
     7.000      4.000      4.000      4.000      0.000      1.000      2.000
     6.000      3.667      3.250      3.000      0.041      0.959      2.000
     5.000      2.667      2.500      2.250      0.999      0.001      1.000
     5.250      3.333      2.500      2.250      0.991      0.009      1.000
     5.750      3.667      4.000      4.000      0.000      1.000      2.000
     4.000      1.667      1.500      1.000      1.000      0.000      1.000
     7.000      5.000      5.000      5.000      0.000      1.000      2.000
     7.000      4.333      3.750      3.750      0.000      1.000      2.000
     5.250      4.000      3.250      3.250      0.005      0.995      2.000
     5.250      3.667      4.000      4.500      0.000      1.000      2.000
     6.000      3.667      3.250      2.500      0.320      0.680      2.000
     6.000      3.000      4.000      4.250      0.000      1.000      2.000
     6.250      3.000      3.250      2.750      0.494      0.506      2.000
     5.250      4.000      3.750      3.000      0.002      0.998      2.000
     5.750      2.000      2.000      2.000      1.000      0.000      1.000
     6.500      3.333      4.000      3.500      0.000      1.000      2.000
     5.250      3.667      3.250      2.750      0.133      0.867      2.000
     4.750      1.667      1.750      1.500      1.000      0.000      1.000
     7.000      5.000      4.000      4.000      0.000      1.000      2.000
     6.250      4.667      4.250      3.500      0.000      1.000      2.000
     6.750      4.667      4.250      4.250      0.000      1.000      2.000
     5.500      3.333      3.000      3.250      0.098      0.902      2.000
     7.000      2.667      2.750      2.500      0.986      0.014      1.000
     5.500      3.667      4.000      4.000      0.000      1.000      2.000
     5.500      3.000      3.000      3.000      0.485      0.515      2.000
     6.000      3.000      2.750      2.500      0.967      0.033      1.000
     4.500      2.333      3.000      3.250      0.687      0.313      1.000
     6.250      3.333      3.750      3.000      0.012      0.988      2.000
     4.750      2.667      2.750      2.500      0.989      0.011      1.000
     5.500      4.000      4.750      3.750      0.000      1.000      2.000
     6.250      3.667      2.500      2.250      0.976      0.024      1.000
     5.000      3.000      3.000      3.000      0.497      0.503      2.000
     6.750      3.000      3.000      3.000      0.456      0.544      2.000
     5.750      3.667      3.750      3.750      0.000      1.000      2.000
     5.500      2.333      2.500      2.000      1.000      0.000      1.000
     7.000      4.000      4.000      3.000      0.001      0.999      2.000
     6.000      3.667      3.750      3.500      0.000      1.000      2.000
     5.250      2.000      3.000      2.000      1.000      0.000      1.000
     6.000      4.000      4.000      3.500      0.000      1.000      2.000
     5.750      4.000      3.250      3.500      0.002      0.998      2.000
     5.500      2.000      2.500      2.250      1.000      0.000      1.000
     7.000      5.000      4.750      5.000      0.000      1.000      2.000
     6.750      4.667      4.250      3.500      0.000      1.000      2.000
     4.500      4.000      4.250      3.750      0.000      1.000      2.000
     7.000      2.000      3.000      1.500      1.000      0.000      1.000
     6.000      3.667      3.500      2.250      0.342      0.658      2.000
     6.750      4.333      4.000      2.500      0.002      0.998      2.000
     4.500      2.000      2.000      1.500      1.000      0.000      1.000
     7.000      2.333      2.500      1.750      1.000      0.000      1.000
     4.500      2.000      3.000      2.000      1.000      0.000      1.000
     6.000      3.333      2.750      2.250      0.973      0.027      1.000
     7.000      5.000      4.750      4.750      0.000      1.000      2.000
     6.000      4.000      3.500      3.000      0.005      0.995      2.000
     7.000      3.000      3.000      2.250      0.967      0.033      1.000
     5.500      4.000      3.500      4.000      0.000      1.000      2.000
     5.250      2.333      2.250      2.000      1.000      0.000      1.000
     7.000      1.667      1.500      1.500      1.000      0.000      1.000
     6.250      3.667      4.250      3.750      0.000      1.000      2.000
     5.750      3.000      3.500      2.250      0.789      0.211      1.000
     4.750      3.667      3.500      3.500      0.001      0.999      2.000
     5.500      2.667      3.000      2.000      0.997      0.003      1.000
     4.500      1.000      1.500      1.250      1.000      0.000      1.000
     7.000      3.667      3.500      2.750      0.042      0.958      2.000
     5.500      3.667      4.000      4.250      0.000      1.000      2.000
     6.750      4.333      4.750      4.750      0.000      1.000      2.000
     7.000      3.667      3.750      4.000      0.000      1.000      2.000
     5.500      4.333      4.000      4.250      0.000      1.000      2.000
     5.500      3.667      3.250      2.750      0.130      0.870      2.000
     6.000      3.667      4.250      4.250      0.000      1.000      2.000
     6.000      3.667      1.500      1.500      1.000      0.000      1.000
     6.000      2.000      2.000      2.000      1.000      0.000      1.000
     7.000      3.667      3.250      3.750      0.001      0.999      2.000
     7.000      3.000      3.250      3.000      0.216      0.784      2.000
     5.250      1.667      2.000      1.250      1.000      0.000      1.000
     5.500      3.000      4.000      4.000      0.000      1.000      2.000
     5.500      3.333      3.750      3.000      0.013      0.987      2.000
     4.000      1.667      3.750      3.500      0.156      0.844      2.000
     6.000      2.333      2.750      1.750      1.000      0.000      1.000
     3.250      2.000      4.000      2.750      0.475      0.525      2.000
     4.750      3.667      4.000      4.000      0.000      1.000      2.000
     6.000      3.000      3.250      3.000      0.232      0.768      2.000
     6.000      4.000      4.000      4.000      0.000      1.000      2.000
     2.750      3.000      4.000      3.750      0.000      1.000      2.000
     7.000      5.000      4.000      4.000      0.000      1.000      2.000
     5.500      3.333      3.500      3.750      0.001      0.999      2.000
     6.250      4.000      3.750      3.500      0.000      1.000      2.000
     6.000      4.000      2.750      2.750      0.323      0.677      2.000
     5.250      2.333      4.250      3.250      0.009      0.991      2.000
     5.000      3.000      4.000      3.250      0.004      0.996      2.000
     6.000      4.667      4.750      4.250      0.000      1.000      2.000
     7.000      4.000      4.250      4.000      0.000      1.000      2.000
     4.500      3.333      3.500      3.000      0.042      0.958      2.000
     3.750      3.000      4.500      3.500      0.000      1.000      2.000
     5.250      2.333      2.250      2.250      1.000      0.000      1.000
     6.500      3.667      4.500      4.750      0.000      1.000      2.000
     5.750      2.667      3.250      2.000      0.990      0.010      1.000
     7.000      3.333      3.750      2.500      0.113      0.887      2.000
     5.000      3.333      4.000      3.750      0.000      1.000      2.000
     6.000      4.333      5.000      5.000      0.000      1.000      2.000
     4.000      3.000      2.750      2.000      0.997      0.003      1.000
     5.500      3.667      3.250      3.000      0.043      0.957      2.000
     6.000      4.000      4.750      5.000      0.000      1.000      2.000
     4.250      1.333      1.750      1.000      1.000      0.000      1.000
     6.000      4.000      4.000      4.000      0.000      1.000      2.000
     4.000      4.000      4.000      4.500      0.000      1.000      2.000
     5.000      3.333      2.750      3.500      0.093      0.907      2.000
     6.000      4.000      4.000      4.000      0.000      1.000      2.000
     4.000      3.667      5.000      3.750      0.000      1.000      2.000
     4.250      4.000      4.500      4.000      0.000      1.000      2.000
     6.000      3.667      3.000      3.000      0.114      0.886      2.000
     4.000      2.333      4.750      4.500      0.000      1.000      2.000
     6.000      4.000      3.750      3.750      0.000      1.000      2.000
     4.750      4.000      4.500      4.250      0.000      1.000      2.000
     6.000      4.667      5.000      5.000      0.000      1.000      2.000
     4.000      4.000      4.500      4.250      0.000      1.000      2.000
     4.500      2.667      1.750      2.500      1.000      0.000      1.000
     6.250      3.333      3.000      2.750      0.523      0.477      1.000
     5.750      3.667      3.250      3.250      0.013      0.987      2.000
     5.750      4.000      3.500      3.500      0.001      0.999      2.000
     4.500      3.667      2.750      3.500      0.039      0.961      2.000
     4.750      3.667      3.750      4.000      0.000      1.000      2.000
     5.250      4.000      3.500      3.000      0.006      0.994      2.000
     5.500      3.333      4.000      3.500      0.000      1.000      2.000
     4.500      4.000      4.250      4.250      0.000      1.000      2.000
     5.000      4.000      4.500      4.250      0.000      1.000      2.000
     5.000      3.333      3.500      3.750      0.001      0.999      2.000
     2.000      3.000      4.000      3.250      0.005      0.995      2.000
     6.750      4.333      3.250      4.500      0.000      1.000      2.000
     6.000      3.000      3.250      2.250      0.916      0.084      1.000
     5.500      2.667      3.750      2.000      0.918      0.082      1.000
     7.000      4.333      4.750      4.250      0.000      1.000      2.000
     6.500      4.000      4.500      4.000      0.000      1.000      2.000
     5.500      2.333      1.750      1.500      1.000      0.000      1.000
     5.500      4.000      3.750      4.000      0.000      1.000      2.000
     5.500      2.667      4.000      4.000      0.000      1.000      2.000
     6.000      3.667      4.500      4.000      0.000      1.000      2.000
     7.000      5.000      5.000      5.000      0.000      1.000      2.000
     4.000      2.667      4.250      2.500      0.118      0.882      2.000
     3.750      3.000      3.750      3.250      0.013      0.987      2.000
     5.250      2.333      4.000      2.750      0.221      0.779      2.000
     4.000      2.667      5.000      2.750      0.002      0.998      2.000
     4.250      1.667      1.250      1.500      1.000      0.000      1.000
     4.750      4.000      4.500      4.000      0.000      1.000      2.000
     4.000      3.667      4.500      4.250      0.000      1.000      2.000
     6.000      5.000      4.500      4.500      0.000      1.000      2.000
     5.500      3.667      4.750      3.750      0.000      1.000      2.000
     3.500      2.667      4.250      4.250      0.000      1.000      2.000
     4.750      4.667      3.500      4.000      0.000      1.000      2.000
     4.750      3.667      5.000      4.500      0.000      1.000      2.000
     2.750      3.000      4.000      4.250      0.000      1.000      2.000
     5.750      3.333      4.500      4.000      0.000      1.000      2.000
     4.000      2.667      4.000      2.750      0.108      0.892      2.000
     3.500      2.000      3.000      2.250      0.999      0.001      1.000
     5.000      2.333      2.000      2.500      1.000      0.000      1.000
     3.000      4.000      4.500      4.000      0.000      1.000      2.000
     5.500      4.000      4.000      4.000      0.000      1.000      2.000
     4.750      4.333      3.000      3.000      0.020      0.980      2.000
     5.000      4.667      5.000      4.750      0.000      1.000      2.000
     6.000      4.000      4.000      4.000      0.000      1.000      2.000
     4.000      2.333      4.000      3.000      0.088      0.912      2.000
     4.000      3.667      4.000      4.000      0.000      1.000      2.000
     6.750      4.333      5.000      5.000      0.000      1.000      2.000
     4.250      3.333      4.750      3.500      0.000      1.000      2.000
     6.000      4.000      4.000      3.500      0.000      1.000      2.000
     6.250      4.333      4.250      4.000      0.000      1.000      2.000
     4.000      3.667      4.750      4.000      0.000      1.000      2.000
     5.250      4.000      5.000      4.750      0.000      1.000      2.000
     6.000      4.667      5.000      4.500      0.000      1.000      2.000
     3.000      3.333      3.750      1.750      0.869      0.131      1.000
     3.250      2.667      3.000      1.750      0.999      0.001      1.000
     4.750      2.667      4.000      3.500      0.003      0.997      2.000
     5.500      4.000      4.500      4.500      0.000      1.000      2.000
     6.250      4.667      4.250      3.750      0.000      1.000      2.000
     3.750      3.000      3.500      3.250      0.037      0.963      2.000
     4.500      3.000      5.000      4.000      0.000      1.000      2.000
     6.000      3.667      3.500      3.750      0.000      1.000      2.000
     6.250      4.667      4.750      4.000      0.000      1.000      2.000
     4.000      3.333      3.750      4.000      0.000      1.000      2.000
     6.250      2.000      2.750      1.500      1.000      0.000      1.000
     3.500      2.333      5.000      2.750      0.004      0.996      2.000
     4.500      3.667      5.000      3.500      0.000      1.000      2.000
     4.000      3.333      3.500      4.000      0.000      1.000      2.000
     2.250      2.667      4.250      4.000      0.000      1.000      2.000
     3.000      3.333      5.000      3.500      0.000      1.000      2.000
     5.750      3.333      4.000      3.250      0.001      0.999      2.000
     4.000      3.667      4.000      4.000      0.000      1.000      2.000
     5.000      4.000      3.500      3.500      0.001      0.999      2.000
     5.250      4.333      5.000      4.750      0.000      1.000      2.000
     5.000      3.333      3.500      4.000      0.000      1.000      2.000
     5.250      3.667      4.500      4.000      0.000      1.000      2.000
     5.250      4.333      5.000      3.750      0.000      1.000      2.000
     4.000      4.000      5.000      4.500      0.000      1.000      2.000
     7.000      2.667      3.500      3.250      0.069      0.931      2.000
     5.500      3.667      4.000      2.750      0.006      0.994      2.000
     4.000      2.667      4.750      3.750      0.000      1.000      2.000
     5.250      3.667      3.000      3.500      0.013      0.987      2.000
     7.000      3.667      4.250      4.000      0.000      1.000      2.000
     4.000      4.667      5.000      5.000      0.000      1.000      2.000
     4.000      3.667      5.000      4.000      0.000      1.000      2.000
     5.000      4.000      4.000      4.000      0.000      1.000      2.000
     4.000      3.333      5.000      2.500      0.001      0.999      2.000
     2.000      2.333      5.000      4.000      0.000      1.000      2.000
     5.000      3.333      3.500      3.000      0.040      0.960      2.000
     4.750      3.000      3.750      3.000      0.037      0.963      2.000
     4.250      3.000      3.750      3.500      0.004      0.996      2.000
     5.250      3.667      5.000      4.500      0.000      1.000      2.000
     5.250      4.000      3.500      3.500      0.001      0.999      2.000
     5.500      4.000      3.000      3.000      0.049      0.951      2.000
     5.000      3.000      4.500      3.750      0.000      1.000      2.000
     4.500      3.000      3.500      3.250      0.034      0.966      2.000
     3.500      3.333      4.000      3.750      0.000      1.000      2.000
     5.750      4.333      4.500      4.500      0.000      1.000      2.000
     6.250      4.000      4.500      4.500      0.000      1.000      2.000
     5.500      3.000      5.000      3.750      0.000      1.000      2.000
     4.000      3.000      3.750      3.000      0.040      0.960      2.000
     4.250      3.667      5.000      4.000      0.000      1.000      2.000
     5.500      2.667      4.500      3.750      0.000      1.000      2.000
     5.500      3.333      3.250      2.750      0.283      0.717      2.000
     5.000      3.000      4.250      3.750      0.000      1.000      2.000
     6.750      4.000      4.000      4.000      0.000      1.000      2.000
     4.750      4.000      3.750      3.250      0.001      0.999      2.000
     5.000      3.000      3.750      3.250      0.011      0.989      2.000
     5.000      5.000      4.750      3.250      0.000      1.000      2.000
     7.000      4.333      3.500      4.500      0.000      1.000      2.000
     4.500      4.000      4.000      3.500      0.000      1.000      2.000
     6.250      4.333      5.000      4.750      0.000      1.000      2.000
     5.000      3.667      4.750      4.750      0.000      1.000      2.000
     7.000      3.333      3.750      4.000      0.000      1.000      2.000
     5.000      4.000      3.750      3.000      0.002      0.998      2.000
     6.000      3.667      3.750      3.000      0.005      0.995      2.000
     3.250      2.333      3.750      3.750      0.009      0.991      2.000
     4.750      3.667      5.000      4.000      0.000      1.000      2.000
     3.500      2.667      3.750      3.250      0.033      0.967      2.000
     4.500      2.667      4.750      3.500      0.000      1.000      2.000
     6.250      3.000      3.250      2.000      0.972      0.028      1.000
     4.750      4.000      3.750      4.000      0.000      1.000      2.000
     4.500      3.000      3.750      3.250      0.012      0.988      2.000
     6.000      5.000      4.750      4.750      0.000      1.000      2.000
     5.000      4.000      3.750      3.500      0.000      1.000      2.000
     5.000      4.000      4.250      4.000      0.000      1.000      2.000
     5.000      2.000      2.000      2.000      1.000      0.000      1.000
     6.000      2.000      2.500      2.000      1.000      0.000      1.000
     5.000      4.667      5.000      3.500      0.000      1.000      2.000
     3.500      3.333      3.000      3.500      0.038      0.962      2.000
     5.750      4.000      4.750      4.250      0.000      1.000      2.000
     6.500      3.667      4.500      4.000      0.000      1.000      2.000
     5.500      4.000      4.000      3.000      0.001      0.999      2.000
     4.000      2.333      2.750      3.250      0.873      0.127      1.000
     6.250      4.000      3.250      4.000      0.000      1.000      2.000
     5.000      3.667      3.250      3.500      0.004      0.996      2.000
     6.500      3.333      3.500      3.000      0.035      0.965      2.000
     4.250      4.000      4.000      4.500      0.000      1.000      2.000
     4.250      3.000      4.500      4.000      0.000      1.000      2.000
     4.500      2.667      2.750      2.250      0.997      0.003      1.000
     6.750      4.667      3.500      4.500      0.000      1.000      2.000
     4.000      2.333      4.000      3.250      0.029      0.971      2.000
     5.000      4.000      4.000      4.000      0.000      1.000      2.000
     4.250      3.333      3.750      3.500      0.001      0.999      2.000
     5.000      4.667      4.750      4.750      0.000      1.000      2.000
     6.000      2.333      3.500      2.250      0.962      0.038      1.000
     5.250      3.333      4.000      4.000      0.000      1.000      2.000
     5.500      3.333      4.750      4.000      0.000      1.000      2.000
     5.500      4.000      3.750      3.500      0.000      1.000      2.000
     5.750      2.000      4.750      3.750      0.000      1.000      2.000
     6.500      4.000      3.750      4.000      0.000      1.000      2.000
     5.500      3.333      3.500      4.250      0.000      1.000      2.000
     6.750      2.667      3.500      4.000      0.002      0.998      2.000
     7.000      4.333      4.750      4.500      0.000      1.000      2.000
     6.750      4.000      3.500      4.000      0.000      1.000      2.000
     4.000      2.333      5.000      4.000      0.000      1.000      2.000
     4.000      3.667      4.000      4.000      0.000      1.000      2.000
     4.500      4.000      3.750      4.000      0.000      1.000      2.000
     4.750      3.000      3.750      2.500      0.294      0.706      2.000
     6.000      2.667      2.750      2.250      0.996      0.004      1.000
     4.000      2.000      1.250      2.000      1.000      0.000      1.000
     4.750      3.667      4.750      3.750      0.000      1.000      2.000
     6.000      4.000      3.500      3.500      0.001      0.999      2.000
     4.000      3.333      4.000      3.750      0.000      1.000      2.000
     5.250      3.667      3.750      4.000      0.000      1.000      2.000
     5.500      4.000      3.000      3.500      0.005      0.995      2.000
     4.500      3.333      4.000      3.750      0.000      1.000      2.000
     5.500      4.000      4.000      3.250      0.000      1.000      2.000
     3.750      2.667      3.500      4.000      0.003      0.997      2.000
     4.250      4.000      4.750      3.750      0.000      1.000      2.000
     6.250      3.667      3.000      1.250      0.998      0.002      1.000
     5.500      3.667      4.500      4.000      0.000      1.000      2.000
     5.250      4.000      3.500      3.500      0.001      0.999      2.000
     5.500      4.000      3.500      3.500      0.001      0.999      2.000
     5.000      2.333      2.000      2.000      1.000      0.000      1.000
     4.250      4.333      4.250      4.750      0.000      1.000      2.000
     5.000      3.667      4.750      4.000      0.000      1.000      2.000
     5.250      4.000      3.750      2.750      0.006      0.994      2.000
     5.000      4.333      4.000      3.250      0.000      1.000      2.000
     4.000      4.000      4.750      4.250      0.000      1.000      2.000
     5.250      2.667      4.250      2.750      0.035      0.965      2.000
     7.000      2.667      4.750      4.000      0.000      1.000      2.000
     4.750      4.000      4.000      3.250      0.000      1.000      2.000
     4.250      3.333      3.000      3.500      0.036      0.964      2.000
     6.000      4.000      4.000      3.500      0.000      1.000      2.000
     4.750      2.000      4.750      2.000      0.517      0.483      1.000
     4.750      3.000      2.500      2.250      0.997      0.003      1.000
     6.750      4.333      4.500      2.750      0.000      1.000      2.000
     5.250      4.000      4.000      3.000      0.001      0.999      2.000
     4.750      2.333      3.000      2.750      0.959      0.041      1.000
     6.250      2.000      2.000      1.500      1.000      0.000      1.000
     6.750      4.000      3.750      4.000      0.000      1.000      2.000
     5.750      4.333      4.000      4.250      0.000      1.000      2.000
     7.000      4.000      4.000      4.000      0.000      1.000      2.000
     3.500      3.333      4.750      4.500      0.000      1.000      2.000
     5.250      4.000      3.750      4.000      0.000      1.000      2.000
     3.500      3.333      4.500      4.250      0.000      1.000      2.000
     5.000      4.000      5.000      4.500      0.000      1.000      2.000
     3.750      1.667      2.250      1.750      1.000      0.000      1.000
     4.250      2.000      2.000      2.000      1.000      0.000      1.000
     6.250      4.000      4.000      3.250      0.000      1.000      2.000
     5.750      4.000      4.000      3.250      0.000      1.000      2.000
     6.000      3.667      3.250      2.500      0.320      0.680      2.000
     6.250      2.667      4.000      3.500      0.003      0.997      2.000
     7.000      4.333      5.000      5.000      0.000      1.000      2.000
     4.000      2.000      2.000      2.000      1.000      0.000      1.000
     4.500      2.000      2.750      2.500      0.998      0.002      1.000
     7.000      4.333      4.000      2.750      0.001      0.999      2.000
     7.000      5.000      4.000      4.500      0.000      1.000      2.000
     5.500      4.000      3.750      3.250      0.001      0.999      2.000
     5.000      3.000      2.250      1.750      1.000      0.000      1.000
     4.500      4.000      3.500      3.750      0.000      1.000      2.000
     1.750      1.667      3.500      2.000      0.999      0.001      1.000
     5.750      4.667      4.000      3.250      0.000      1.000      2.000
     5.750      3.000      3.250      2.500      0.771      0.229      1.000
     4.750      3.000      4.250      3.750      0.000      1.000      2.000
     6.500      3.667      4.000      4.500      0.000      1.000      2.000
     5.000      3.000      3.250      2.750      0.523      0.477      1.000
     7.000      5.000      5.000      5.000      0.000      1.000      2.000
     5.500      3.333      4.500      4.500      0.000      1.000      2.000
     5.750      3.333      3.000      2.500      0.791      0.209      1.000
     4.000      4.667      5.000      4.750      0.000      1.000      2.000
     7.000      4.000      3.500      3.750      0.000      1.000      2.000
     6.250      2.000      2.500      2.500      0.999      0.001      1.000
     7.000      4.333      4.750      4.750      0.000      1.000      2.000
     4.250      4.000      4.500      4.750      0.000      1.000      2.000
     5.000      2.000      4.250      3.750      0.002      0.998      2.000
     6.000      4.667      4.000      4.250      0.000      1.000      2.000
     6.250      4.000      4.000      4.000      0.000      1.000      2.000
     4.500      2.333      4.000      2.750      0.233      0.767      2.000
     5.500      3.333      4.500      3.750      0.000      1.000      2.000
     5.750      3.667      3.750      3.500      0.000      1.000      2.000
     6.000      4.333      4.500      4.250      0.000      1.000      2.000
     7.000      3.333      4.000      4.000      0.000      1.000      2.000
     5.500      4.000      3.500      3.750      0.000      1.000      2.000
     6.500      4.333      5.000      5.000      0.000      1.000      2.000
     6.250      3.000      2.250      3.000      0.959      0.041      1.000
     4.750      3.667      4.500      4.250      0.000      1.000      2.000
     6.250      4.000      3.750      3.250      0.001      0.999      2.000
     5.750      3.333      3.500      3.250      0.012      0.988      2.000
     5.250      3.667      4.000      3.750      0.000      1.000      2.000
     4.750      3.667      4.500      3.500      0.000      1.000      2.000
     6.000      3.333      3.500      4.250      0.000      1.000      2.000
     7.000      4.000      3.500      3.000      0.005      0.995      2.000
     4.500      2.333      2.500      2.000      1.000      0.000      1.000
     5.750      4.000      3.750      3.750      0.000      1.000      2.000
     5.500      4.000      5.000      5.000      0.000      1.000      2.000
     5.000      2.333      3.000      2.250      0.996      0.004      1.000
     3.750      2.667      3.750      4.000      0.001      0.999      2.000
     6.500      4.000      4.000      4.000      0.000      1.000      2.000
     6.000      3.667      4.000      3.250      0.000      1.000      2.000
     6.000      3.667      4.000      3.750      0.000      1.000      2.000
     4.250      2.333      2.500      2.250      1.000      0.000      1.000
     4.750      3.333      3.750      4.000      0.000      1.000      2.000
     4.000      3.000      2.750      2.750      0.914      0.086      1.000
     5.750      3.667      2.750      3.000      0.282      0.718      2.000
     7.000      4.667      5.000      4.000      0.000      1.000      2.000
     7.000      5.000      4.750      4.000      0.000      1.000      2.000
     6.250      4.333      3.500      4.500      0.000      1.000      2.000
     5.750      1.667      2.000      2.000      1.000      0.000      1.000
     6.000      4.000      4.750      4.250      0.000      1.000      2.000
     7.000      5.000      4.250      3.500      0.000      1.000      2.000
     6.750      4.333      4.500      4.500      0.000      1.000      2.000
     5.500      1.667      4.000      3.000      0.371      0.629      2.000
     4.750      3.333      4.000      2.750      0.016      0.984      2.000
     6.000      1.333      1.250      1.000      1.000      0.000      1.000
     6.500      4.000      4.250      4.000      0.000      1.000      2.000
     5.500      3.333      3.750      4.000      0.000      1.000      2.000
     6.000      2.333      4.000      2.750      0.209      0.791      2.000
     5.500      4.000      3.750      3.750      0.000      1.000      2.000
     6.000      3.667      3.750      4.000      0.000      1.000      2.000
     6.000      4.000      5.000      4.750      0.000      1.000      2.000
     3.000      3.333      4.750      3.500      0.000      1.000      2.000
     4.500      3.000      2.500      2.250      0.997      0.003      1.000
     5.250      4.667      3.500      4.500      0.000      1.000      2.000
     5.000      3.667      4.000      3.750      0.000      1.000      2.000
     5.750      3.667      4.750      4.500      0.000      1.000      2.000
     4.250      2.333      3.750      3.500      0.025      0.975      2.000
     5.250      2.333      4.000      4.000      0.001      0.999      2.000
     4.750      2.333      5.000      2.250      0.040      0.960      2.000
     5.250      2.000      2.250      2.000      1.000      0.000      1.000
     5.250      3.667      3.750      3.250      0.002      0.998      2.000
     4.000      4.333      4.500      4.000      0.000      1.000      2.000
     6.250      3.667      4.250      3.250      0.000      1.000      2.000
     4.000      2.000      2.750      1.500      1.000      0.000      1.000
     4.250      3.000      3.750      3.500      0.004      0.996      2.000
     5.250      4.000      4.000      4.000      0.000      1.000      2.000
     4.000      2.667      3.500      3.250      0.089      0.911      2.000
     4.000      1.667      2.750      1.750      1.000      0.000      1.000
     6.250      3.667      5.000      4.250      0.000      1.000      2.000
     6.750      2.333      3.000      2.000      0.999      0.001      1.000
     6.000      4.333      3.250      3.750      0.000      1.000      2.000
     5.500      3.000      4.000      3.750      0.000      1.000      2.000
     5.750      3.667      4.250      3.750      0.000      1.000      2.000
     5.750      1.333      1.750      1.000      1.000      0.000      1.000
     5.250      3.333      2.750      3.250      0.248      0.752      2.000
     4.750      1.667      4.500      3.750      0.002      0.998      2.000
     5.000      3.333      2.500      3.500      0.233      0.767      2.000
     7.000      5.000      4.750      5.000      0.000      1.000      2.000
     5.500      3.667      4.000      4.000      0.000      1.000      2.000
     5.500      2.667      4.000      3.750      0.001      0.999      2.000
     7.000      3.667      4.000      3.250      0.000      1.000      2.000
     6.000      3.000      2.500      2.500      0.989      0.011      1.000
     6.750      3.000      2.000      1.750      1.000      0.000      1.000
     4.500      3.000      4.000      3.500      0.001      0.999      2.000
     2.750      2.667      2.500      2.000      1.000      0.000      1.000
     5.500      2.333      3.500      3.250      0.184      0.816      2.000
     4.000      1.667      3.750      3.250      0.379      0.621      2.000
     5.750      3.667      4.000      4.000      0.000      1.000      2.000
     7.000      3.000      4.000      3.500      0.001      0.999      2.000
     6.000      3.667      3.750      3.000      0.005      0.995      2.000
     3.750      3.667      3.500      4.250      0.000      1.000      2.000
     4.250      2.667      4.000      4.250      0.000      1.000      2.000
     4.500      3.667      4.250      4.000      0.000      1.000      2.000
     5.250      3.000      3.250      3.500      0.029      0.971      2.000
     3.750      5.000      3.000      3.750      0.000      1.000      2.000
     5.000      3.000      4.000      4.250      0.000      1.000      2.000
     6.750      3.333      4.000      3.750      0.000      1.000      2.000
     6.250      3.667      4.250      3.750      0.000      1.000      2.000
     3.000      1.667      2.250      1.750      1.000      0.000      1.000
     6.000      3.667      4.000      3.750      0.000      1.000      2.000
     5.750      4.333      3.500      3.750      0.000      1.000      2.000
     4.000      4.000      4.000      4.000      0.000      1.000      2.000
     4.750      3.667      3.750      3.750      0.000      1.000      2.000
     4.000      3.333      4.250      2.750      0.006      0.994      2.000
     5.250      4.000      4.000      3.500      0.000      1.000      2.000
     5.750      3.333      3.750      3.250      0.004      0.996      2.000
     4.000      5.000      4.500      5.000      0.000      1.000      2.000
     7.000      3.000      3.000      3.750      0.022      0.978      2.000
     4.500      3.000      4.750      4.250      0.000      1.000      2.000
     6.750      4.333      4.250      4.750      0.000      1.000      2.000
     3.250      2.000      3.500      4.000      0.020      0.980      2.000
     5.500      3.333      4.000      3.500      0.000      1.000      2.000
     5.000      3.333      3.750      3.500      0.001      0.999      2.000
     6.000      3.000      2.250      2.250      0.999      0.001      1.000
     5.250      4.667      4.250      4.250      0.000      1.000      2.000
     3.000      4.000      4.000      4.000      0.000      1.000      2.000
     6.500      4.000      4.000      4.000      0.000      1.000      2.000
     5.750      4.333      4.500      4.250      0.000      1.000      2.000
     5.500      4.000      4.500      3.500      0.000      1.000      2.000
     4.250      3.000      4.750      3.750      0.000      1.000      2.000
     4.750      3.333      3.500      3.750      0.001      0.999      2.000
     4.750      3.667      3.750      3.250      0.002      0.998      2.000
     6.750      4.667      5.000      4.750      0.000      1.000      2.000
     5.000      3.667      5.000      4.250      0.000      1.000      2.000
     5.750      2.667      4.000      3.750      0.001      0.999      2.000
     6.500      5.000      3.750      4.250      0.000      1.000      2.000
     4.750      3.000      3.250      3.750      0.009      0.991      2.000
     5.000      3.333      3.500      3.750      0.001      0.999      2.000
     4.750      3.667      4.750      5.000      0.000      1.000      2.000
     4.000      3.000      4.000      3.000      0.014      0.986      2.000
     4.250      2.667      2.250      3.000      0.987      0.013      1.000
     6.000      3.333      3.000      3.500      0.030      0.970      2.000
     6.000      4.000      3.500      3.500      0.001      0.999      2.000
     6.000      3.333      3.250      3.000      0.103      0.897      2.000
     5.750      3.667      3.750      4.000      0.000      1.000      2.000
     5.000      3.667      4.250      4.000      0.000      1.000      2.000
     7.000      3.000      5.000      3.750      0.000      1.000      2.000
     4.500      3.667      3.500      3.000      0.016      0.984      2.000
     6.750      2.667      2.750      2.000      0.999      0.001      1.000
     6.500      4.000      4.000      4.500      0.000      1.000      2.000
     6.250      4.333      3.750      4.250      0.000      1.000      2.000
     5.500      2.667      3.750      3.250      0.028      0.972      2.000
     6.000      4.333      4.000      3.500      0.000      1.000      2.000
     6.750      3.333      4.250      4.250      0.000      1.000      2.000
     5.250      3.000      3.250      3.000      0.245      0.755      2.000
     4.750      3.333      4.500      3.250      0.000      1.000      2.000
     5.500      3.667      3.500      3.500      0.001      0.999      2.000
     7.000      3.333      2.000      2.000      1.000      0.000      1.000
     4.500      3.000      4.000      3.750      0.000      1.000      2.000
     6.000      4.333      4.250      3.750      0.000      1.000      2.000
     7.000      3.333      2.500      2.500      0.968      0.032      1.000
     5.750      3.000      3.750      3.500      0.003      0.997      2.000
     6.000      3.000      4.000      3.750      0.000      1.000      2.000
     5.000      4.000      4.000      3.250      0.000      1.000      2.000
     5.250      3.667      3.500      4.000      0.000      1.000      2.000
     5.500      4.000      4.250      3.750      0.000      1.000      2.000
     5.000      3.667      3.750      3.250      0.002      0.998      2.000
     6.000      3.333      3.250      2.500      0.554      0.446      1.000
     3.250      2.000      1.750      2.250      1.000      0.000      1.000
     6.500      5.000      5.000      5.000      0.000      1.000      2.000
     4.250      4.000      4.000      3.500      0.000      1.000      2.000
     5.750      2.333      2.750      2.250      0.999      0.001      1.000
     6.000      3.333      3.750      2.500      0.123      0.877      2.000
     4.750      2.667      3.500      2.750      0.499      0.501      2.000
     5.000      4.333      4.000      4.000      0.000      1.000      2.000
     4.750      4.333      4.500      3.750      0.000      1.000      2.000
     4.500      3.333      4.000      4.000      0.000      1.000      2.000
     6.000      4.000      3.500      4.000      0.000      1.000      2.000
     4.000      3.333      4.000      3.000      0.005      0.995      2.000
     6.750      4.667      4.000      4.750      0.000      1.000      2.000
     5.000      2.667      2.750      3.000      0.886      0.114      1.000
     6.000      4.333      4.000      4.250      0.000      1.000      2.000
     4.500      3.667      3.750      2.750      0.018      0.982      2.000
     4.750      3.333      4.750      4.250      0.000      1.000      2.000
     4.000      2.667      4.000      4.000      0.000      1.000      2.000
     6.750      4.000      3.500      4.000      0.000      1.000      2.000
     7.000      5.000      4.500      4.750      0.000      1.000      2.000
     7.000      4.667      4.750      5.000      0.000      1.000      2.000
     6.750      3.667      3.250      3.000      0.039      0.961      2.000
     6.000      4.000      3.500      4.000      0.000      1.000      2.000
     4.000      3.333      5.000      4.750      0.000      1.000      2.000
     5.500      3.667      4.000      4.000      0.000      1.000      2.000
     5.500      4.000      3.750      3.750      0.000      1.000      2.000
     5.000      4.000      4.000      4.000      0.000      1.000      2.000
     4.750      4.667      4.250      3.750      0.000      1.000      2.000
     5.250      4.000      4.250      3.500      0.000      1.000      2.000
     5.500      2.000      2.250      3.000      0.998      0.002      1.000
     4.750      3.667      3.500      3.750      0.000      1.000      2.000
     4.000      3.000      4.500      3.750      0.000      1.000      2.000
     4.000      2.000      5.000      3.250      0.001      0.999      2.000
     5.500      3.000      3.250      2.750      0.511      0.489      1.000
