     6.500      2.000      2.250      2.000      0.013      0.987      0.000      0.000      0.000      0.000      2.000
     6.250      3.000      3.750      3.000      0.501      0.000      0.056      0.443      0.001      0.000      1.000
     5.750      3.667      3.500      3.750      0.004      0.000      0.001      0.990      0.005      0.000      4.000
     5.500      2.667      3.000      2.500      0.978      0.020      0.001      0.001      0.000      0.000      1.000
     5.500      4.000      3.500      3.750      0.001      0.000      0.000      0.992      0.006      0.001      4.000
     6.500      3.667      3.250      3.500      0.040      0.000      0.000      0.959      0.000      0.000      4.000
     5.250      1.000      1.750      1.000      0.000      1.000      0.000      0.000      0.000      0.000      2.000
     7.000      3.333      4.000      2.750      0.302      0.000      0.007      0.690      0.001      0.000      4.000
     6.500      2.333      2.500      2.000      0.200      0.800      0.000      0.000      0.000      0.000      2.000
     7.000      3.000      3.000      3.500      0.650      0.000      0.001      0.348      0.000      0.000      1.000
     6.000      2.333      3.750      2.500      0.921      0.001      0.073      0.004      0.000      0.000      1.000
     4.750      2.667      2.000      2.000      0.020      0.980      0.000      0.000      0.000      0.000      2.000
     6.750      2.667      3.750      2.750      0.922      0.000      0.026      0.052      0.000      0.000      1.000
     6.250      3.667      4.000      3.000      0.026      0.000      0.004      0.966      0.004      0.000      4.000
     5.250      4.000      4.250      5.000      0.000      0.000      0.000      0.081      0.451      0.468      6.000
     6.500      5.000      4.000      4.500      0.000      0.000      0.000      0.035      0.003      0.961      6.000
     6.250      1.333      2.250      1.750      0.000      1.000      0.000      0.000      0.000      0.000      2.000
     7.000      4.000      3.250      3.500      0.011      0.000      0.000      0.988      0.000      0.000      4.000
     5.750      1.667      2.250      1.500      0.000      1.000      0.000      0.000      0.000      0.000      2.000
     6.250      2.667      4.000      1.500      0.994      0.004      0.002      0.000      0.000      0.000      1.000
     5.000      4.000      3.000      3.000      0.252      0.000      0.001      0.747      0.000      0.000      4.000
     6.000      4.000      3.750      2.750      0.065      0.000      0.001      0.934      0.001      0.000      4.000
     5.500      2.667      2.750      1.250      0.086      0.914      0.000      0.000      0.000      0.000      2.000
     4.750      2.333      3.000      1.750      0.191      0.809      0.000      0.000      0.000      0.000      2.000
     5.500      4.000      3.500      4.000      0.000      0.000      0.000      0.986      0.012      0.002      4.000
     6.750      4.333      4.250      4.500      0.000      0.000      0.000      0.114      0.029      0.858      6.000
     5.750      4.000      3.250      3.250      0.035      0.000      0.000      0.964      0.000      0.000      4.000
     6.250      3.667      3.500      2.000      0.976      0.000      0.000      0.024      0.000      0.000      1.000
     5.250      3.000      2.750      3.000      0.978      0.002      0.002      0.017      0.000      0.000      1.000
     5.750      2.333      2.000      2.000      0.010      0.990      0.000      0.000      0.000      0.000      2.000
     6.750      3.000      3.500      3.250      0.465      0.000      0.012      0.523      0.000      0.000      4.000
     5.750      2.667      4.000      2.500      0.734      0.000      0.231      0.035      0.000      0.000      1.000
     6.000      4.333      3.750      3.000      0.005      0.000      0.000      0.993      0.001      0.000      4.000
     6.000      2.667      4.000      3.750      0.014      0.000      0.473      0.490      0.023      0.000      4.000
     6.000      3.667      4.000      3.500      0.002      0.000      0.003      0.976      0.019      0.001      4.000
     7.000      3.667      4.000      3.750      0.001      0.000      0.000      0.983      0.011      0.005      4.000
     4.500      1.333      2.250      2.000      0.000      1.000      0.000      0.000      0.000      0.000      2.000
     6.000      4.000      3.250      3.250      0.036      0.000      0.000      0.963      0.000      0.000      4.000
     4.000      3.000      3.250      3.000      0.632      0.000      0.266      0.101      0.000      0.000      1.000
     5.500      4.000      4.000      3.750      0.000      0.000      0.001      0.939      0.055      0.005      4.000
     7.000      5.000      5.000      5.000      0.000      0.000      0.000      0.000      0.000      1.000      6.000
     5.250      4.000      4.000      3.250      0.002      0.000      0.002      0.974      0.022      0.000      4.000
     7.000      3.000      2.750      2.750      0.995      0.001      0.000      0.004      0.000      0.000      1.000
     5.750      3.000      3.500      3.500      0.158      0.000      0.079      0.761      0.002      0.000      4.000
     5.250      2.667      2.250      3.000      0.861      0.138      0.000      0.001      0.000      0.000      1.000
     7.000      2.333      2.500      2.250      0.516      0.484      0.000      0.000      0.000      0.000      1.000
     6.000      4.000      3.750      3.750      0.000      0.000      0.000      0.986      0.011      0.003      4.000
     7.000      3.000      3.500      2.250      0.994      0.000      0.000      0.006      0.000      0.000      1.000
     5.000      1.667      1.500      1.500      0.000      1.000      0.000      0.000      0.000      0.000      2.000
     7.000      2.000      3.750      2.500      0.975      0.003      0.021      0.001      0.000      0.000      1.000
     7.000      4.333      4.750      4.250      0.000      0.000      0.000      0.030      0.028      0.941      6.000
     7.000      3.000      3.500      3.000      0.772      0.000      0.004      0.224      0.000      0.000      1.000
     5.500      4.333      3.750      3.750      0.000      0.000      0.000      0.976      0.017      0.006      4.000
     6.500      2.333      3.000      2.000      0.759      0.241      0.000      0.000      0.000      0.000      1.000
     5.500      3.667      3.750      3.500      0.005      0.000      0.005      0.979      0.011      0.000      4.000
     6.500      2.333      2.250      1.750      0.025      0.975      0.000      0.000      0.000      0.000      2.000
     6.000      4.000      4.000      4.000      0.000      0.000      0.000      0.917      0.056      0.027      4.000
     5.500      4.000      3.750      3.250      0.005      0.000      0.001      0.989      0.005      0.000      4.000
     5.500      4.333      3.750      3.500      0.000      0.000      0.000      0.988      0.009      0.002      4.000
     6.250      3.667      3.250      3.750      0.011      0.000      0.000      0.988      0.001      0.000      4.000
     2.000      1.667      2.500      1.500      0.000      1.000      0.000      0.000      0.000      0.000      2.000
     6.250      3.000      3.000      3.000      0.958      0.000      0.001      0.041      0.000      0.000      1.000
     7.000      4.000      4.000      4.000      0.000      0.000      0.000      0.919      0.018      0.063      4.000
     6.000      3.667      3.250      3.000      0.353      0.000      0.001      0.646      0.000      0.000      4.000
     5.000      2.667      2.500      2.250      0.471      0.528      0.000      0.000      0.000      0.000      2.000
     5.250      3.333      2.500      2.250      0.968      0.032      0.000      0.000      0.000      0.000      1.000
     5.750      3.667      4.000      4.000      0.000      0.000      0.003      0.910      0.081      0.006      4.000
     4.000      1.667      1.500      1.000      0.000      1.000      0.000      0.000      0.000      0.000      2.000
     7.000      5.000      5.000      5.000      0.000      0.000      0.000      0.000      0.000      1.000      6.000
     7.000      4.333      3.750      3.750      0.000      0.000      0.000      0.973      0.003      0.024      4.000
     5.250      4.000      3.250      3.250      0.033      0.000      0.001      0.966      0.001      0.000      4.000
     5.250      3.667      4.000      4.500      0.000      0.000      0.003      0.622      0.349      0.026      4.000
     6.000      3.667      3.250      2.500      0.884      0.000      0.000      0.115      0.000      0.000      1.000
     6.000      3.000      4.000      4.250      0.000      0.000      0.061      0.816      0.121      0.001      4.000
     6.250      3.000      3.250      2.750      0.968      0.000      0.002      0.030      0.000      0.000      1.000
     5.250      4.000      3.750      3.000      0.016      0.000      0.002      0.978      0.004      0.000      4.000
     5.750      2.000      2.000      2.000      0.002      0.998      0.000      0.000      0.000      0.000      2.000
     6.500      3.333      4.000      3.500      0.008      0.000      0.010      0.971      0.011      0.000      4.000
     5.250      3.667      3.250      2.750      0.647      0.000      0.003      0.350      0.000      0.000      1.000
     4.750      1.667      1.750      1.500      0.000      1.000      0.000      0.000      0.000      0.000      2.000
     7.000      5.000      4.000      4.000      0.000      0.000      0.000      0.203      0.003      0.794      6.000
     6.250      4.667      4.250      3.500      0.000      0.000      0.000      0.836      0.028      0.136      4.000
     6.750      4.667      4.250      4.250      0.000      0.000      0.000      0.100      0.012      0.887      6.000
     5.500      3.333      3.000      3.250      0.591      0.000      0.005      0.404      0.000      0.000      1.000
     7.000      2.667      2.750      2.500      0.981      0.018      0.000      0.000      0.000      0.000      1.000
     5.500      3.667      4.000      4.000      0.000      0.000      0.004      0.886      0.106      0.004      4.000
     5.500      3.000      3.000      3.000      0.950      0.001      0.005      0.045      0.000      0.000      1.000
     6.000      3.000      2.750      2.500      0.990      0.009      0.000      0.001      0.000      0.000      1.000
     4.500      2.333      3.000      3.250      0.732      0.010      0.248      0.010      0.000      0.000      1.000
     6.250      3.333      3.750      3.000      0.222      0.000      0.013      0.764      0.001      0.000      4.000
     4.750      2.667      2.750      2.500      0.871      0.128      0.001      0.000      0.000      0.000      1.000
     5.500      4.000      4.750      3.750      0.000      0.000      0.001      0.349      0.578      0.071      5.000
     6.250      3.667      2.500      2.250      0.996      0.003      0.000      0.002      0.000      0.000      1.000
     5.000      3.000      3.000      3.000      0.939      0.001      0.013      0.047      0.000      0.000      1.000
     6.750      3.000      3.000      3.000      0.961      0.000      0.000      0.038      0.000      0.000      1.000
     5.750      3.667      3.750      3.750      0.001      0.000      0.002      0.980      0.015      0.001      4.000
     5.500      2.333      2.500      2.000      0.091      0.909      0.000      0.000      0.000      0.000      2.000
     7.000      4.000      4.000      3.000      0.008      0.000      0.000      0.990      0.002      0.001      4.000
     6.000      3.667      3.750      3.500      0.005      0.000      0.002      0.986      0.006      0.000      4.000
     5.250      2.000      3.000      2.000      0.162      0.838      0.000      0.000      0.000      0.000      2.000
     6.000      4.000      4.000      3.500      0.000      0.000      0.000      0.979      0.017      0.003      4.000
     5.750      4.000      3.250      3.500      0.010      0.000      0.000      0.989      0.001      0.000      4.000
     5.500      2.000      2.500      2.250      0.050      0.950      0.000      0.000      0.000      0.000      2.000
     7.000      5.000      4.750      5.000      0.000      0.000      0.000      0.000      0.000      1.000      6.000
     6.750      4.667      4.250      3.500      0.000      0.000      0.000      0.788      0.015      0.198      4.000
     4.500      4.000      4.250      3.750      0.000      0.000      0.006      0.631      0.358      0.005      4.000
     7.000      2.000      3.000      1.500      0.116      0.884      0.000      0.000      0.000      0.000      2.000
     6.000      3.667      3.500      2.250      0.912      0.000      0.000      0.088      0.000      0.000      1.000
     6.750      4.333      4.000      2.500      0.026      0.000      0.000      0.973      0.001      0.000      4.000
     4.500      2.000      2.000      1.500      0.000      1.000      0.000      0.000      0.000      0.000      2.000
     7.000      2.333      2.500      1.750      0.128      0.872      0.000      0.000      0.000      0.000      2.000
     4.500      2.000      3.000      2.000      0.089      0.911      0.000      0.000      0.000      0.000      2.000
     6.000      3.333      2.750      2.250      0.994      0.005      0.000      0.001      0.000      0.000      1.000
     7.000      5.000      4.750      4.750      0.000      0.000      0.000      0.000      0.001      0.999      6.000
     6.000      4.000      3.500      3.000      0.049      0.000      0.000      0.951      0.001      0.000      4.000
     7.000      3.000      3.000      2.250      0.997      0.003      0.000      0.001      0.000      0.000      1.000
     5.500      4.000      3.500      4.000      0.000      0.000      0.000      0.986      0.012      0.002      4.000
     5.250      2.333      2.250      2.000      0.022      0.978      0.000      0.000      0.000      0.000      2.000
     7.000      1.667      1.500      1.500      0.000      1.000      0.000      0.000      0.000      0.000      2.000
     6.250      3.667      4.250      3.750      0.000      0.000      0.002      0.914      0.074      0.009      4.000
     5.750      3.000      3.500      2.250      0.990      0.001      0.003      0.007      0.000      0.000      1.000
     4.750      3.667      3.500      3.500      0.012      0.000      0.012      0.968      0.008      0.000      4.000
     5.500      2.667      3.000      2.000      0.868      0.132      0.000      0.000      0.000      0.000      1.000
     4.500      1.000      1.500      1.250      0.000      1.000      0.000      0.000      0.000      0.000      2.000
     7.000      3.667      3.500      2.750      0.460      0.000      0.000      0.539      0.000      0.000      4.000
     5.500      3.667      4.000      4.250      0.000      0.000      0.003      0.804      0.180      0.013      4.000
     6.750      4.333      4.750      4.750      0.000      0.000      0.000      0.004      0.016      0.980      6.000
     7.000      3.667      3.750      4.000      0.000      0.000      0.000      0.987      0.007      0.005      4.000
     5.500      4.333      4.000      4.250      0.000      0.000      0.000      0.702      0.132      0.166      4.000
     5.500      3.667      3.250      2.750      0.656      0.000      0.002      0.343      0.000      0.000      1.000
     6.000      3.667      4.250      4.250      0.000      0.000      0.002      0.682      0.261      0.056      4.000
     6.000      3.667      1.500      1.500      0.091      0.909      0.000      0.000      0.000      0.000      2.000
     6.000      2.000      2.000      2.000      0.002      0.998      0.000      0.000      0.000      0.000      2.000
     7.000      3.667      3.250      3.750      0.012      0.000      0.000      0.988      0.000      0.000      4.000
     7.000      3.000      3.250      3.000      0.904      0.000      0.001      0.095      0.000      0.000      1.000
     5.250      1.667      2.000      1.250      0.000      1.000      0.000      0.000      0.000      0.000      2.000
     5.500      3.000      4.000      4.000      0.001      0.000      0.177      0.720      0.102      0.000      4.000
     5.500      3.333      3.750      3.000      0.197      0.000      0.050      0.750      0.003      0.000      4.000
     4.000      1.667      3.750      3.500      0.001      0.000      0.999      0.000      0.000      0.000      3.000
     6.000      2.333      2.750      1.750      0.173      0.827      0.000      0.000      0.000      0.000      2.000
     3.250      2.000      4.000      2.750      0.003      0.000      0.997      0.000      0.000      0.000      3.000
     4.750      3.667      4.000      4.000      0.000      0.000      0.014      0.766      0.218      0.002      4.000
     6.000      3.000      3.250      3.000      0.885      0.000      0.008      0.107      0.000      0.000      1.000
     6.000      4.000      4.000      4.000      0.000      0.000      0.000      0.917      0.056      0.027      4.000
     2.750      3.000      4.000      3.750      0.000      0.000      0.942      0.020      0.037      0.000      3.000
     7.000      5.000      4.000      4.000      0.000      0.000      0.000      0.203      0.003      0.794      6.000
     5.500      3.333      3.500      3.750      0.013      0.000      0.016      0.963      0.007      0.000      4.000
     6.250      4.000      3.750      3.500      0.001      0.000      0.000      0.993      0.004      0.001      4.000
     6.000      4.000      2.750      2.750      0.800      0.000      0.000      0.200      0.000      0.000      1.000
     5.250      2.333      4.250      3.250      0.006      0.000      0.980      0.012      0.001      0.000      3.000
     5.000      3.000      4.000      3.250      0.036      0.000      0.563      0.387      0.015      0.000      3.000
     6.000      4.667      4.750      4.250      0.000      0.000      0.000      0.019      0.051      0.930      6.000
     7.000      4.000      4.250      4.000      0.000      0.000      0.000      0.777      0.046      0.177      4.000
     4.500      3.333      3.500      3.000      0.335      0.000      0.131      0.532      0.002      0.000      4.000
     3.750      3.000      4.500      3.500      0.000      0.000      0.879      0.032      0.090      0.000      3.000
     5.250      2.333      2.250      2.250      0.057      0.943      0.000      0.000      0.000      0.000      2.000
     6.500      3.667      4.500      4.750      0.000      0.000      0.000      0.129      0.297      0.575      6.000
     5.750      2.667      3.250      2.000      0.966      0.033      0.000      0.000      0.000      0.000      1.000
     7.000      3.333      3.750      2.500      0.817      0.000      0.001      0.181      0.000      0.000      1.000
     5.000      3.333      4.000      3.750      0.001      0.000      0.091      0.808      0.100      0.000      4.000
     6.000      4.333      5.000      5.000      0.000      0.000      0.000      0.001      0.038      0.961      6.000
     4.000      3.000      2.750      2.000      0.709      0.290      0.000      0.000      0.000      0.000      1.000
     5.500      3.667      3.250      3.000      0.337      0.000      0.002      0.660      0.000      0.000      4.000
     6.000      4.000      4.750      5.000      0.000      0.000      0.000      0.007      0.152      0.841      6.000
     4.250      1.333      1.750      1.000      0.000      1.000      0.000      0.000      0.000      0.000      2.000
     6.000      4.000      4.000      4.000      0.000      0.000      0.000      0.917      0.056      0.027      4.000
     4.000      4.000      4.000      4.500      0.000      0.000      0.002      0.307      0.674      0.017      5.000
     5.000      3.333      2.750      3.500      0.498      0.000      0.006      0.496      0.000      0.000      1.000
     6.000      4.000      4.000      4.000      0.000      0.000      0.000      0.917      0.056      0.027      4.000
     4.000      3.667      5.000      3.750      0.000      0.000      0.021      0.030      0.947      0.001      5.000
     4.250      4.000      4.500      4.000      0.000      0.000      0.003      0.184      0.800      0.013      5.000
     6.000      3.667      3.000      3.000      0.601      0.000      0.000      0.399      0.000      0.000      1.000
     4.000      2.333      4.750      4.500      0.000      0.000      0.829      0.002      0.169      0.000      3.000
     6.000      4.000      3.750      3.750      0.000      0.000      0.000      0.986      0.011      0.003      4.000
     4.750      4.000      4.500      4.250      0.000      0.000      0.001      0.169      0.771      0.059      5.000
     6.000      4.667      5.000      5.000      0.000      0.000      0.000      0.000      0.009      0.990      6.000
     4.000      4.000      4.500      4.250      0.000      0.000      0.002      0.083      0.901      0.015      5.000
     4.500      2.667      1.750      2.500      0.033      0.967      0.000      0.000      0.000      0.000      2.000
     6.250      3.333      3.000      2.750      0.957      0.000      0.000      0.042      0.000      0.000      1.000
     5.750      3.667      3.250      3.250      0.124      0.000      0.001      0.875      0.000      0.000      4.000
     5.750      4.000      3.500      3.500      0.004      0.000      0.000      0.994      0.002      0.000      4.000
     4.500      3.667      2.750      3.500      0.193      0.000      0.003      0.803      0.000      0.000      4.000
     4.750      3.667      3.750      4.000      0.000      0.000      0.010      0.905      0.084      0.001      4.000
     5.250      4.000      3.500      3.000      0.044      0.000      0.001      0.954      0.001      0.000      4.000
     5.500      3.333      4.000      3.500      0.006      0.000      0.055      0.905      0.033      0.000      4.000
     4.500      4.000      4.250      4.250      0.000      0.000      0.002      0.324      0.647      0.028      5.000
     5.000      4.000      4.500      4.250      0.000      0.000      0.001      0.206      0.704      0.089      5.000
     5.000      3.333      3.500      3.750      0.012      0.000      0.039      0.937      0.012      0.000      4.000
     2.000      3.000      4.000      3.250      0.000      0.000      0.993      0.003      0.004      0.000      3.000
     6.750      4.333      3.250      4.500      0.000      0.000      0.000      0.937      0.003      0.060      4.000
     6.000      3.000      3.250      2.250      0.995      0.002      0.000      0.002      0.000      0.000      1.000
     5.500      2.667      3.750      2.000      0.981      0.003      0.014      0.001      0.000      0.000      1.000
     7.000      4.333      4.750      4.250      0.000      0.000      0.000      0.030      0.028      0.941      6.000
     6.500      4.000      4.500      4.000      0.000      0.000      0.000      0.554      0.177      0.269      4.000
     5.500      2.333      1.750      1.500      0.000      1.000      0.000      0.000      0.000      0.000      2.000
     5.500      4.000      3.750      4.000      0.000      0.000      0.000      0.960      0.034      0.005      4.000
     5.500      2.667      4.000      4.000      0.003      0.000      0.603      0.342      0.053      0.000      3.000
     6.000      3.667      4.500      4.000      0.000      0.000      0.003      0.585      0.364      0.048      4.000
     7.000      5.000      5.000      5.000      0.000      0.000      0.000      0.000      0.000      1.000      6.000
     4.000      2.667      4.250      2.500      0.023      0.000      0.973      0.004      0.000      0.000      3.000
     3.750      3.000      3.750      3.250      0.022      0.000      0.869      0.104      0.006      0.000      3.000
     5.250      2.333      4.000      2.750      0.187      0.000      0.803      0.009      0.000      0.000      3.000
     4.000      2.667      5.000      2.750      0.000      0.000      0.995      0.001      0.004      0.000      3.000
     4.250      1.667      1.250      1.500      0.000      1.000      0.000      0.000      0.000      0.000      2.000
     4.750      4.000      4.500      4.000      0.000      0.000      0.002      0.282      0.686      0.030      5.000
     4.000      3.667      4.500      4.250      0.000      0.000      0.011      0.077      0.909      0.004      5.000
     6.000      5.000      4.500      4.500      0.000      0.000      0.000      0.005      0.008      0.987      6.000
     5.500      3.667      4.750      3.750      0.000      0.000      0.010      0.347      0.625      0.018      5.000
     3.500      2.667      4.250      4.250      0.000      0.000      0.888      0.011      0.101      0.000      3.000
     4.750      4.667      3.500      4.000      0.000      0.000      0.000      0.964      0.023      0.013      4.000
     4.750      3.667      5.000      4.500      0.000      0.000      0.001      0.011      0.953      0.035      5.000
     2.750      3.000      4.000      4.250      0.000      0.000      0.776      0.030      0.194      0.000      3.000
     5.750      3.333      4.500      4.000      0.000      0.000      0.030      0.505      0.457      0.009      4.000
     4.000      2.667      4.000      2.750      0.037      0.000      0.955      0.008      0.000      0.000      3.000
     3.500      2.000      3.000      2.250      0.095      0.898      0.007      0.000      0.000      0.000      2.000
     5.000      2.333      2.000      2.500      0.035      0.965      0.000      0.000      0.000      0.000      2.000
     3.000      4.000      4.500      4.000      0.000      0.000      0.008      0.051      0.940      0.001      5.000
     5.500      4.000      4.000      4.000      0.000      0.000      0.001      0.886      0.097      0.017      4.000
     4.750      4.333      3.000      3.000      0.077      0.000      0.000      0.922      0.000      0.000      4.000
     5.000      4.667      5.000      4.750      0.000      0.000      0.000      0.001      0.112      0.887      6.000
     6.000      4.000      4.000      4.000      0.000      0.000      0.000      0.917      0.056      0.027      4.000
     4.000      2.333      4.000      3.000      0.007      0.000      0.991      0.002      0.000      0.000      3.000
     4.000      3.667      4.000      4.000      0.000      0.000      0.040      0.571      0.388      0.001      4.000
     6.750      4.333      5.000      5.000      0.000      0.000      0.000      0.000      0.009      0.991      6.000
     4.250      3.333      4.750      3.500      0.000      0.000      0.321      0.124      0.554      0.000      5.000
     6.000      4.000      4.000      3.500      0.000      0.000      0.000      0.979      0.017      0.003      4.000
     6.250      4.333      4.250      4.000      0.000      0.000      0.000      0.631      0.081      0.287      4.000
     4.000      3.667      4.750      4.000      0.000      0.000      0.015      0.049      0.934      0.002      5.000
     5.250      4.000      5.000      4.750      0.000      0.000      0.000      0.007      0.568      0.426      5.000
     6.000      4.667      5.000      4.500      0.000      0.000      0.000      0.002      0.028      0.970      6.000
     3.000      3.333      3.750      1.750      0.832      0.003      0.159      0.006      0.000      0.000      1.000
     3.250      2.667      3.000      1.750      0.237      0.762      0.001      0.000      0.000      0.000      2.000
     4.750      2.667      4.000      3.500      0.007      0.000      0.911      0.074      0.008      0.000      3.000
     5.500      4.000      4.500      4.500      0.000      0.000      0.000      0.148      0.529      0.323      5.000
     6.250      4.667      4.250      3.750      0.000      0.000      0.000      0.627      0.039      0.334      4.000
     3.750      3.000      3.500      3.250      0.088      0.000      0.760      0.149      0.003      0.000      3.000
     4.500      3.000      5.000      4.000      0.000      0.000      0.213      0.020      0.767      0.000      5.000
     6.000      3.667      3.500      3.750      0.004      0.000      0.001      0.991      0.004      0.000      4.000
     6.250      4.667      4.750      4.000      0.000      0.000      0.000      0.047      0.052      0.900      6.000
     4.000      3.333      3.750      4.000      0.001      0.000      0.198      0.645      0.156      0.000      4.000
     6.250      2.000      2.750      1.500      0.018      0.982      0.000      0.000      0.000      0.000      2.000
     3.500      2.333      5.000      2.750      0.000      0.000      0.999      0.000      0.000      0.000      3.000
     4.500      3.667      5.000      3.500      0.000      0.000      0.035      0.093      0.870      0.002      5.000
     4.000      3.333      3.500      4.000      0.002      0.000      0.147      0.788      0.063      0.000      4.000
     2.250      2.667      4.250      4.000      0.000      0.000      0.979      0.001      0.020      0.000      3.000
     3.000      3.333      5.000      3.500      0.000      0.000      0.406      0.010      0.584      0.000      5.000
     5.750      3.333      4.000      3.250      0.024      0.000      0.048      0.914      0.013      0.000      4.000
     4.000      3.667      4.000      4.000      0.000      0.000      0.040      0.571      0.388      0.001      4.000
     5.000      4.000      3.500      3.500      0.003      0.000      0.001      0.990      0.006      0.000      4.000
     5.250      4.333      5.000      4.750      0.000      0.000      0.000      0.003      0.241      0.756      6.000
     5.000      3.333      3.500      4.000      0.003      0.000      0.029      0.944      0.024      0.000      4.000
     5.250      3.667      4.500      4.000      0.000      0.000      0.008      0.393      0.582      0.017      5.000
     5.250      4.333      5.000      3.750      0.000      0.000      0.000      0.108      0.668      0.224      5.000
     4.000      4.000      5.000      4.500      0.000      0.000      0.000      0.005      0.962      0.033      5.000
     7.000      2.667      3.500      3.250      0.764      0.000      0.023      0.213      0.000      0.000      1.000
     5.500      3.667      4.000      2.750      0.082      0.000      0.018      0.895      0.005      0.000      4.000
     4.000      2.667      4.750      3.750      0.000      0.000      0.917      0.006      0.078      0.000      3.000
     5.250      3.667      3.000      3.500      0.088      0.000      0.002      0.910      0.000      0.000      4.000
     7.000      3.667      4.250      4.000      0.000      0.000      0.000      0.890      0.057      0.053      4.000
     4.000      4.667      5.000      5.000      0.000      0.000      0.000      0.001      0.355      0.645      6.000
     4.000      3.667      5.000      4.000      0.000      0.000      0.009      0.017      0.972      0.003      5.000
     5.000      4.000      4.000      4.000      0.000      0.000      0.001      0.827      0.162      0.010      4.000
     4.000      3.333      5.000      2.500      0.001      0.000      0.897      0.042      0.061      0.000      3.000
     2.000      2.333      5.000      4.000      0.000      0.000      0.984      0.000      0.016      0.000      3.000
     5.000      3.333      3.500      3.000      0.379      0.000      0.056      0.563      0.001      0.000      4.000
     4.750      3.000      3.750      3.000      0.243      0.000      0.491      0.264      0.002      0.000      3.000
     4.250      3.000      3.750      3.500      0.017      0.000      0.694      0.273      0.015      0.000      3.000
     5.250      3.667      5.000      4.500      0.000      0.000      0.001      0.018      0.890      0.091      5.000
     5.250      4.000      3.500      3.500      0.003      0.000      0.001      0.991      0.004      0.000      4.000
     5.500      4.000      3.000      3.000      0.266      0.000      0.000      0.734      0.000      0.000      4.000
     5.000      3.000      4.500      3.750      0.000      0.000      0.493      0.225      0.282      0.000      3.000
     4.500      3.000      3.500      3.250      0.219      0.000      0.443      0.335      0.002      0.000      3.000
     3.500      3.333      4.000      3.750      0.000      0.000      0.494      0.297      0.209      0.000      3.000
     5.750      4.333      4.500      4.500      0.000      0.000      0.000      0.072      0.177      0.751      6.000
     6.250      4.000      4.500      4.500      0.000      0.000      0.000      0.149      0.224      0.626      6.000
     5.500      3.000      5.000      3.750      0.000      0.000      0.242      0.101      0.656      0.001      5.000
     4.000      3.000      3.750      3.000      0.092      0.000      0.795      0.111      0.002      0.000      3.000
     4.250      3.667      5.000      4.000      0.000      0.000      0.007      0.022      0.967      0.004      5.000
     5.500      2.667      4.500      3.750      0.000      0.000      0.784      0.122      0.093      0.000      3.000
     5.500      3.333      3.250      2.750      0.878      0.000      0.004      0.118      0.000      0.000      1.000
     5.000      3.000      4.250      3.750      0.001      0.000      0.485      0.365      0.150      0.000      3.000
     6.750      4.000      4.000      4.000      0.000      0.000      0.000      0.925      0.024      0.051      4.000
     4.750      4.000      3.750      3.250      0.004      0.000      0.004      0.979      0.013      0.000      4.000
     5.000      3.000      3.750      3.250      0.118      0.000      0.411      0.465      0.006      0.000      4.000
     5.000      5.000      4.750      3.250      0.000      0.000      0.000      0.426      0.277      0.297      4.000
     7.000      4.333      3.500      4.500      0.000      0.000      0.000      0.788      0.005      0.207      4.000
     4.500      4.000      4.000      3.500      0.000      0.000      0.006      0.903      0.090      0.001      4.000
     6.250      4.333      5.000      4.750      0.000      0.000      0.000      0.002      0.040      0.958      6.000
     5.000      3.667      4.750      4.750      0.000      0.000      0.000      0.022      0.888      0.089      5.000
     7.000      3.333      3.750      4.000      0.002      0.000      0.001      0.988      0.007      0.001      4.000
     5.000      4.000      3.750      3.000      0.016      0.000      0.003      0.976      0.005      0.000      4.000
     6.000      3.667      3.750      3.000      0.067      0.000      0.004      0.928      0.002      0.000      4.000
     3.250      2.333      3.750      3.750      0.000      0.000      0.997      0.002      0.001      0.000      3.000
     4.750      3.667      5.000      4.000      0.000      0.000      0.005      0.038      0.945      0.012      5.000
     3.500      2.667      3.750      3.250      0.008      0.000      0.980      0.010      0.001      0.000      3.000
     4.500      2.667      4.750      3.500      0.000      0.000      0.945      0.011      0.044      0.000      3.000
     6.250      3.000      3.250      2.000      0.995      0.004      0.000      0.001      0.000      0.000      1.000
     4.750      4.000      3.750      4.000      0.000      0.000      0.001      0.917      0.079      0.003      4.000
     4.500      3.000      3.750      3.250      0.069      0.000      0.633      0.291      0.007      0.000      3.000
     6.000      5.000      4.750      4.750      0.000      0.000      0.000      0.000      0.004      0.995      6.000
     5.000      4.000      3.750      3.500      0.001      0.000      0.002      0.979      0.018      0.000      4.000
     5.000      4.000      4.250      4.000      0.000      0.000      0.002      0.610      0.364      0.024      4.000
     5.000      2.000      2.000      2.000      0.001      0.999      0.000      0.000      0.000      0.000      2.000
     6.000      2.000      2.500      2.000      0.030      0.970      0.000      0.000      0.000      0.000      2.000
     5.000      4.667      5.000      3.500      0.000      0.000      0.000      0.142      0.578      0.280      5.000
     3.500      3.333      3.000      3.500      0.185      0.000      0.190      0.623      0.003      0.000      4.000
     5.750      4.000      4.750      4.250      0.000      0.000      0.000      0.123      0.539      0.338      5.000
     6.500      3.667      4.500      4.000      0.000      0.000      0.001      0.677      0.236      0.086      4.000
     5.500      4.000      4.000      3.000      0.006      0.000      0.002      0.983      0.009      0.000      4.000
     4.000      2.333      2.750      3.250      0.782      0.060      0.154      0.004      0.000      0.000      1.000
     6.250      4.000      3.250      4.000      0.001      0.000      0.000      0.997      0.002      0.001      4.000
     5.000      3.667      3.250      3.500      0.033      0.000      0.005      0.961      0.002      0.000      4.000
     6.500      3.333      3.500      3.000      0.451      0.000      0.004      0.545      0.000      0.000      4.000
     4.250      4.000      4.000      4.500      0.000      0.000      0.001      0.369      0.605      0.025      5.000
     4.250      3.000      4.500      4.000      0.000      0.000      0.488      0.078      0.435      0.000      3.000
     4.500      2.667      2.750      2.250      0.667      0.333      0.000      0.000      0.000      0.000      1.000
     6.750      4.667      3.500      4.500      0.000      0.000      0.000      0.550      0.005      0.446      4.000
     4.000      2.333      4.000      3.250      0.003      0.000      0.995      0.002      0.000      0.000      3.000
     5.000      4.000      4.000      4.000      0.000      0.000      0.001      0.827      0.162      0.010      4.000
     4.250      3.333      3.750      3.500      0.011      0.000      0.248      0.704      0.036      0.000      4.000
     5.000      4.667      4.750      4.750      0.000      0.000      0.000      0.004      0.120      0.876      6.000
     6.000      2.333      3.500      2.250      0.979      0.014      0.006      0.000      0.000      0.000      1.000
     5.250      3.333      4.000      4.000      0.000      0.000      0.043      0.814      0.141      0.001      4.000
     5.500      3.333      4.750      4.000      0.000      0.000      0.031      0.205      0.755      0.009      5.000
     5.500      4.000      3.750      3.500      0.001      0.000      0.001      0.987      0.010      0.001      4.000
     5.750      2.000      4.750      3.750      0.000      0.000      0.991      0.003      0.006      0.000      3.000
     6.500      4.000      3.750      4.000      0.000      0.000      0.000      0.976      0.011      0.013      4.000
     5.500      3.333      3.500      4.250      0.001      0.000      0.009      0.964      0.025      0.000      4.000
     6.750      2.667      3.500      4.000      0.058      0.000      0.061      0.878      0.003      0.000      4.000
     7.000      4.333      4.750      4.500      0.000      0.000      0.000      0.010      0.017      0.974      6.000
     6.750      4.000      3.500      4.000      0.000      0.000      0.000      0.992      0.003      0.005      4.000
     4.000      2.333      5.000      4.000      0.000      0.000      0.943      0.001      0.056      0.000      3.000
     4.000      3.667      4.000      4.000      0.000      0.000      0.040      0.571      0.388      0.001      4.000
     4.500      4.000      3.750      4.000      0.000      0.000      0.002      0.893      0.102      0.002      4.000
     4.750      3.000      3.750      2.500      0.747      0.000      0.194      0.058      0.000      0.000      1.000
     6.000      2.667      2.750      2.250      0.887      0.112      0.000      0.000      0.000      0.000      1.000
     4.000      2.000      1.250      2.000      0.000      1.000      0.000      0.000      0.000      0.000      2.000
     4.750      3.667      4.750      3.750      0.000      0.000      0.020      0.184      0.791      0.005      5.000
     6.000      4.000      3.500      3.500      0.004      0.000      0.000      0.994      0.002      0.000      4.000
     4.000      3.333      4.000      3.750      0.001      0.000      0.327      0.482      0.190      0.000      4.000
     5.250      3.667      3.750      4.000      0.000      0.000      0.004      0.945      0.049      0.001      4.000
     5.500      4.000      3.000      3.500      0.025      0.000      0.000      0.974      0.000      0.000      4.000
     4.500      3.333      4.000      3.750      0.001      0.000      0.184      0.667      0.147      0.000      4.000
     5.500      4.000      4.000      3.250      0.002      0.000      0.002      0.980      0.016      0.001      4.000
     3.750      2.667      3.500      4.000      0.003      0.000      0.928      0.061      0.008      0.000      3.000
     4.250      4.000      4.750      3.750      0.000      0.000      0.005      0.123      0.864      0.008      5.000
     6.250      3.667      3.000      1.250      0.989      0.011      0.000      0.000      0.000      0.000      1.000
     5.500      3.667      4.500      4.000      0.000      0.000      0.006      0.460      0.510      0.024      5.000
     5.250      4.000      3.500      3.500      0.003      0.000      0.001      0.991      0.004      0.000      4.000
     5.500      4.000      3.500      3.500      0.003      0.000      0.000      0.993      0.003      0.000      4.000
     5.000      2.333      2.000      2.000      0.005      0.995      0.000      0.000      0.000      0.000      2.000
     4.250      4.333      4.250      4.750      0.000      0.000      0.000      0.080      0.693      0.227      5.000
     5.000      3.667      4.750      4.000      0.000      0.000      0.007      0.139      0.838      0.016      5.000
     5.250      4.000      3.750      2.750      0.059      0.000      0.003      0.937      0.002      0.000      4.000
     5.000      4.333      4.000      3.250      0.000      0.000      0.001      0.971      0.026      0.001      4.000
     4.000      4.000      4.750      4.250      0.000      0.000      0.001      0.029      0.953      0.017      5.000
     5.250      2.667      4.250      2.750      0.083      0.000      0.872      0.044      0.001      0.000      3.000
     7.000      2.667      4.750      4.000      0.000      0.000      0.230      0.433      0.333      0.005      4.000
     4.750      4.000      4.000      3.250      0.001      0.000      0.006      0.955      0.038      0.000      4.000
     4.250      3.333      3.000      3.500      0.233      0.000      0.056      0.709      0.001      0.000      4.000
     6.000      4.000      4.000      3.500      0.000      0.000      0.000      0.979      0.017      0.003      4.000
     4.750      2.000      4.750      2.000      0.011      0.000      0.989      0.000      0.000      0.000      3.000
     4.750      3.000      2.500      2.250      0.787      0.213      0.000      0.000      0.000      0.000      1.000
     6.750      4.333      4.500      2.750      0.001      0.000      0.000      0.984      0.009      0.006      4.000
     5.250      4.000      4.000      3.000      0.006      0.000      0.003      0.979      0.012      0.000      4.000
     4.750      2.333      3.000      2.750      0.903      0.072      0.024      0.001      0.000      0.000      1.000
     6.250      2.000      2.000      1.500      0.000      1.000      0.000      0.000      0.000      0.000      2.000
     6.750      4.000      3.750      4.000      0.000      0.000      0.000      0.975      0.008      0.016      4.000
     5.750      4.333      4.000      4.250      0.000      0.000      0.000      0.697      0.098      0.204      4.000
     7.000      4.000      4.000      4.000      0.000      0.000      0.000      0.919      0.018      0.063      4.000
     3.500      3.333      4.750      4.500      0.000      0.000      0.023      0.007      0.969      0.001      5.000
     5.250      4.000      3.750      4.000      0.000      0.000      0.001      0.949      0.046      0.004      4.000
     3.500      3.333      4.500      4.250      0.000      0.000      0.094      0.038      0.868      0.000      5.000
     5.000      4.000      5.000      4.500      0.000      0.000      0.000      0.013      0.784      0.203      5.000
     3.750      1.667      2.250      1.750      0.000      1.000      0.000      0.000      0.000      0.000      2.000
     4.250      2.000      2.000      2.000      0.000      1.000      0.000      0.000      0.000      0.000      2.000
     6.250      4.000      4.000      3.250      0.002      0.000      0.000      0.990      0.007      0.001      4.000
     5.750      4.000      4.000      3.250      0.002      0.000      0.001      0.984      0.012      0.001      4.000
     6.000      3.667      3.250      2.500      0.884      0.000      0.000      0.115      0.000      0.000      1.000
     6.250      2.667      4.000      3.500      0.058      0.000      0.422      0.511      0.009      0.000      4.000
     7.000      4.333      5.000      5.000      0.000      0.000      0.000      0.000      0.005      0.995      6.000
     4.000      2.000      2.000      2.000      0.000      1.000      0.000      0.000      0.000      0.000      2.000
     4.500      2.000      2.750      2.500      0.167      0.832      0.001      0.000      0.000      0.000      2.000
     7.000      4.333      4.000      2.750      0.007      0.000      0.000      0.991      0.001      0.001      4.000
     7.000      5.000      4.000      4.500      0.000      0.000      0.000      0.023      0.001      0.976      6.000
     5.500      4.000      3.750      3.250      0.005      0.000      0.001      0.989      0.005      0.000      4.000
     5.000      3.000      2.250      1.750      0.152      0.848      0.000      0.000      0.000      0.000      2.000
     4.500      4.000      3.500      3.750      0.001      0.000      0.002      0.978      0.020      0.000      4.000
     1.750      1.667      3.500      2.000      0.012      0.635      0.353      0.000      0.000      0.000      2.000
     5.750      4.667      4.000      3.250      0.000      0.000      0.000      0.980      0.010      0.010      4.000
     5.750      3.000      3.250      2.500      0.988      0.001      0.002      0.009      0.000      0.000      1.000
     4.750      3.000      4.250      3.750      0.001      0.000      0.574      0.275      0.151      0.000      3.000
     6.500      3.667      4.000      4.500      0.000      0.000      0.000      0.795      0.105      0.100      4.000
     5.000      3.000      3.250      2.750      0.944      0.001      0.021      0.035      0.000      0.000      1.000
     7.000      5.000      5.000      5.000      0.000      0.000      0.000      0.000      0.000      1.000      6.000
     5.500      3.333      4.500      4.500      0.000      0.000      0.009      0.183      0.780      0.027      5.000
     5.750      3.333      3.000      2.500      0.987      0.001      0.000      0.012      0.000      0.000      1.000
     4.000      4.667      5.000      4.750      0.000      0.000      0.000      0.002      0.490      0.509      6.000
     7.000      4.000      3.500      3.750      0.001      0.000      0.000      0.996      0.001      0.002      4.000
     6.250      2.000      2.500      2.500      0.219      0.781      0.000      0.000      0.000      0.000      2.000
     7.000      4.333      4.750      4.750      0.000      0.000      0.000      0.003      0.010      0.987      6.000
     4.250      4.000      4.500      4.750      0.000      0.000      0.000      0.031      0.893      0.076      5.000
     5.000      2.000      4.250      3.750      0.000      0.000      0.997      0.002      0.001      0.000      3.000
     6.000      4.667      4.000      4.250      0.000      0.000      0.000      0.401      0.039      0.560      6.000
     6.250      4.000      4.000      4.000      0.000      0.000      0.000      0.924      0.042      0.033      4.000
     4.500      2.333      4.000      2.750      0.052      0.000      0.945      0.003      0.000      0.000      3.000
     5.500      3.333      4.500      3.750      0.000      0.000      0.070      0.564      0.363      0.002      4.000
     5.750      3.667      3.750      3.500      0.005      0.000      0.003      0.984      0.008      0.000      4.000
     6.000      4.333      4.500      4.250      0.000      0.000      0.000      0.168      0.166      0.666      6.000
     7.000      3.333      4.000      4.000      0.001      0.000      0.002      0.970      0.022      0.005      4.000
     5.500      4.000      3.500      3.750      0.001      0.000      0.000      0.992      0.006      0.001      4.000
     6.500      4.333      5.000      5.000      0.000      0.000      0.000      0.000      0.014      0.985      6.000
     6.250      3.000      2.250      3.000      0.986      0.012      0.000      0.002      0.000      0.000      1.000
     4.750      3.667      4.500      4.250      0.000      0.000      0.006      0.164      0.815      0.015      5.000
     6.250      4.000      3.750      3.250      0.005      0.000      0.000      0.992      0.002      0.000      4.000
     5.750      3.333      3.500      3.250      0.163      0.000      0.016      0.819      0.001      0.000      4.000
     5.250      3.667      4.000      3.750      0.000      0.000      0.009      0.912      0.077      0.001      4.000
     4.750      3.667      4.500      3.500      0.000      0.000      0.048      0.543      0.408      0.001      4.000
     6.000      3.333      3.500      4.250      0.001      0.000      0.004      0.980      0.014      0.001      4.000
     7.000      4.000      3.500      3.000      0.055      0.000      0.000      0.944      0.000      0.000      4.000
     4.500      2.333      2.500      2.000      0.039      0.961      0.000      0.000      0.000      0.000      2.000
     5.750      4.000      3.750      3.750      0.000      0.000      0.000      0.983      0.014      0.002      4.000
     5.500      4.000      5.000      5.000      0.000      0.000      0.000      0.003      0.314      0.683      6.000
     5.000      2.333      3.000      2.250      0.683      0.316      0.001      0.000      0.000      0.000      1.000
     3.750      2.667      3.750      4.000      0.001      0.000      0.947      0.038      0.015      0.000      3.000
     6.500      4.000      4.000      4.000      0.000      0.000      0.000      0.927      0.032      0.041      4.000
     6.000      3.667      4.000      3.250      0.007      0.000      0.005      0.978      0.010      0.000      4.000
     6.000      3.667      4.000      3.750      0.000      0.000      0.002      0.961      0.034      0.002      4.000
     4.250      2.333      2.500      2.250      0.080      0.920      0.000      0.000      0.000      0.000      2.000
     4.750      3.333      3.750      4.000      0.001      0.000      0.067      0.846      0.086      0.000      4.000
     4.000      3.000      2.750      2.750      0.967      0.020      0.007      0.005      0.000      0.000      1.000
     5.750      3.667      2.750      3.000      0.800      0.000      0.000      0.200      0.000      0.000      1.000
     7.000      4.667      5.000      4.000      0.000      0.000      0.000      0.008      0.011      0.980      6.000
     7.000      5.000      4.750      4.000      0.000      0.000      0.000      0.007      0.003      0.990      6.000
     6.250      4.333      3.500      4.500      0.000      0.000      0.000      0.868      0.014      0.119      4.000
     5.750      1.667      2.000      2.000      0.000      1.000      0.000      0.000      0.000      0.000      2.000
     6.000      4.000      4.750      4.250      0.000      0.000      0.000      0.130      0.426      0.443      6.000
     7.000      5.000      4.250      3.500      0.000      0.000      0.000      0.453      0.006      0.542      6.000
     6.750      4.333      4.500      4.500      0.000      0.000      0.000      0.037      0.029      0.934      6.000
     5.500      1.667      4.000      3.000      0.038      0.000      0.961      0.000      0.000      0.000      3.000
     4.750      3.333      4.000      2.750      0.169      0.000      0.299      0.525      0.007      0.000      4.000
     6.000      1.333      1.250      1.000      0.000      1.000      0.000      0.000      0.000      0.000      2.000
     6.500      4.000      4.250      4.000      0.000      0.000      0.000      0.799      0.084      0.118      4.000
     5.500      3.333      3.750      4.000      0.001      0.000      0.019      0.939      0.040      0.000      4.000
     6.000      2.333      4.000      2.750      0.488      0.000      0.490      0.022      0.000      0.000      3.000
     5.500      4.000      3.750      3.750      0.000      0.000      0.001      0.979      0.019      0.002      4.000
     6.000      3.667      3.750      4.000      0.000      0.000      0.001      0.975      0.021      0.002      4.000
     6.000      4.000      5.000      4.750      0.000      0.000      0.000      0.006      0.224      0.769      6.000
     3.000      3.333      4.750      3.500      0.000      0.000      0.550      0.023      0.427      0.000      3.000
     4.500      3.000      2.500      2.250      0.746      0.254      0.000      0.000      0.000      0.000      1.000
     5.250      4.667      3.500      4.500      0.000      0.000      0.000      0.789      0.037      0.174      4.000
     5.000      3.667      4.000      3.750      0.000      0.000      0.014      0.885      0.100      0.001      4.000
     5.750      3.667      4.750      4.500      0.000      0.000      0.001      0.082      0.727      0.190      5.000
     4.250      2.333      3.750      3.500      0.007      0.000      0.985      0.007      0.000      0.000      3.000
     5.250      2.333      4.000      4.000      0.001      0.000      0.941      0.047      0.011      0.000      3.000
     4.750      2.333      5.000      2.250      0.002      0.000      0.998      0.000      0.000      0.000      3.000
     5.250      2.000      2.250      2.000      0.004      0.996      0.000      0.000      0.000      0.000      2.000
     5.250      3.667      3.750      3.250      0.017      0.000      0.010      0.965      0.008      0.000      4.000
     4.000      4.333      4.500      4.000      0.000      0.000      0.001      0.153      0.814      0.032      5.000
     6.250      3.667      4.250      3.250      0.003      0.000      0.005      0.969      0.022      0.001      4.000
     4.000      2.000      2.750      1.500      0.002      0.998      0.000      0.000      0.000      0.000      2.000
     4.250      3.000      3.750      3.500      0.017      0.000      0.694      0.273      0.015      0.000      3.000
     5.250      4.000      4.000      4.000      0.000      0.000      0.001      0.860      0.126      0.013      4.000
     4.000      2.667      3.500      3.250      0.089      0.000      0.874      0.037      0.001      0.000      3.000
     4.000      1.667      2.750      1.750      0.001      0.999      0.000      0.000      0.000      0.000      2.000
     6.250      3.667      5.000      4.250      0.000      0.000      0.001      0.078      0.637      0.284      5.000
     6.750      2.333      3.000      2.000      0.799      0.201      0.000      0.000      0.000      0.000      1.000
     6.000      4.333      3.250      3.750      0.001      0.000      0.000      0.997      0.001      0.001      4.000
     5.500      3.000      4.000      3.750      0.005      0.000      0.233      0.708      0.053      0.000      4.000
     5.750      3.667      4.250      3.750      0.000      0.000      0.006      0.864      0.125      0.005      4.000
     5.750      1.333      1.750      1.000      0.000      1.000      0.000      0.000      0.000      0.000      2.000
     5.250      3.333      2.750      3.250      0.793      0.000      0.002      0.204      0.000      0.000      1.000
     4.750      1.667      4.500      3.750      0.000      0.000      1.000      0.000      0.000      0.000      3.000
     5.000      3.333      2.500      3.500      0.733      0.000      0.002      0.265      0.000      0.000      1.000
     7.000      5.000      4.750      5.000      0.000      0.000      0.000      0.000      0.000      1.000      6.000
     5.500      3.667      4.000      4.000      0.000      0.000      0.004      0.886      0.106      0.004      4.000
     5.500      2.667      4.000      3.750      0.008      0.000      0.681      0.287      0.024      0.000      3.000
     7.000      3.667      4.000      3.250      0.008      0.000      0.001      0.988      0.003      0.001      4.000
     6.000      3.000      2.500      2.500      0.969      0.031      0.000      0.000      0.000      0.000      1.000
     6.750      3.000      2.000      1.750      0.200      0.800      0.000      0.000      0.000      0.000      2.000
     4.500      3.000      4.000      3.500      0.006      0.000      0.698      0.262      0.034      0.000      3.000
     2.750      2.667      2.500      2.000      0.041      0.959      0.000      0.000      0.000      0.000      2.000
     5.500      2.333      3.500      3.250      0.478      0.000      0.479      0.042      0.000      0.000      3.000
     4.000      1.667      3.750      3.250      0.004      0.000      0.996      0.000      0.000      0.000      3.000
     5.750      3.667      4.000      4.000      0.000      0.000      0.003      0.910      0.081      0.006      4.000
     7.000      3.000      4.000      3.500      0.030      0.000      0.028      0.935      0.007      0.000      4.000
     6.000      3.667      3.750      3.000      0.067      0.000      0.004      0.928      0.002      0.000      4.000
     3.750      3.667      3.500      4.250      0.000      0.000      0.025      0.824      0.151      0.000      4.000
     4.250      2.667      4.000      4.250      0.000      0.000      0.848      0.068      0.084      0.000      3.000
     4.500      3.667      4.250      4.000      0.000      0.000      0.021      0.452      0.524      0.003      5.000
     5.250      3.000      3.250      3.500      0.315      0.000      0.092      0.592      0.001      0.000      4.000
     3.750      5.000      3.000      3.750      0.000      0.000      0.000      0.995      0.004      0.001      4.000
     5.000      3.000      4.000      4.250      0.000      0.000      0.234      0.520      0.246      0.000      4.000
     6.750      3.333      4.000      3.750      0.002      0.000      0.005      0.976      0.016      0.001      4.000
     6.250      3.667      4.250      3.750      0.000      0.000      0.002      0.914      0.074      0.009      4.000
     3.000      1.667      2.250      1.750      0.000      1.000      0.000      0.000      0.000      0.000      2.000
     6.000      3.667      4.000      3.750      0.000      0.000      0.002      0.961      0.034      0.002      4.000
     5.750      4.333      3.500      3.750      0.000      0.000      0.000      0.993      0.004      0.002      4.000
     4.000      4.000      4.000      4.000      0.000      0.000      0.006      0.611      0.380      0.003      4.000
     4.750      3.667      3.750      3.750      0.001      0.000      0.014      0.938      0.047      0.000      4.000
     4.000      3.333      4.250      2.750      0.022      0.000      0.750      0.208      0.020      0.000      3.000
     5.250      4.000      4.000      3.500      0.000      0.000      0.002      0.957      0.040      0.001      4.000
     5.750      3.333      3.750      3.250      0.065      0.000      0.029      0.902      0.004      0.000      4.000
     4.000      5.000      4.500      5.000      0.000      0.000      0.000      0.002      0.133      0.865      6.000
     7.000      3.000      3.000      3.750      0.332      0.000      0.002      0.666      0.000      0.000      4.000
     4.500      3.000      4.750      4.250      0.000      0.000      0.164      0.033      0.802      0.001      5.000
     6.750      4.333      4.250      4.750      0.000      0.000      0.000      0.038      0.018      0.944      6.000
     3.250      2.000      3.500      4.000      0.000      0.000      0.999      0.001      0.000      0.000      3.000
     5.500      3.333      4.000      3.500      0.006      0.000      0.055      0.905      0.033      0.000      4.000
     5.000      3.333      3.750      3.500      0.015      0.000      0.081      0.884      0.019      0.000      4.000
     6.000      3.000      2.250      2.250      0.765      0.235      0.000      0.000      0.000      0.000      1.000
     5.250      4.667      4.250      4.250      0.000      0.000      0.000      0.243      0.172      0.585      6.000
     3.000      4.000      4.000      4.000      0.000      0.000      0.019      0.328      0.652      0.001      5.000
     6.500      4.000      4.000      4.000      0.000      0.000      0.000      0.927      0.032      0.041      4.000
     5.750      4.333      4.500      4.250      0.000      0.000      0.000      0.182      0.239      0.579      6.000
     5.500      4.000      4.500      3.500      0.000      0.000      0.002      0.762      0.221      0.014      4.000
     4.250      3.000      4.750      3.750      0.000      0.000      0.578      0.042      0.380      0.000      3.000
     4.750      3.333      3.500      3.750      0.011      0.000      0.059      0.913      0.016      0.000      4.000
     4.750      3.667      3.750      3.250      0.015      0.000      0.025      0.946      0.013      0.000      4.000
     6.750      4.667      5.000      4.750      0.000      0.000      0.000      0.000      0.004      0.996      6.000
     5.000      3.667      5.000      4.250      0.000      0.000      0.002      0.027      0.938      0.033      5.000
     5.750      2.667      4.000      3.750      0.011      0.000      0.581      0.384      0.024      0.000      3.000
     6.500      5.000      3.750      4.250      0.000      0.000      0.000      0.283      0.005      0.712      6.000
     4.750      3.000      3.250      3.750      0.093      0.000      0.200      0.702      0.004      0.000      4.000
     5.000      3.333      3.500      3.750      0.012      0.000      0.039      0.937      0.012      0.000      4.000
     4.750      3.667      4.750      5.000      0.000      0.000      0.000      0.009      0.896      0.094      5.000
     4.000      3.000      4.000      3.000      0.023      0.000      0.896      0.076      0.005      0.000      3.000
     4.250      2.667      2.250      3.000      0.713      0.286      0.001      0.000      0.000      0.000      1.000
     6.000      3.333      3.000      3.500      0.294      0.000      0.002      0.703      0.000      0.000      4.000
     6.000      4.000      3.500      3.500      0.004      0.000      0.000      0.994      0.002      0.000      4.000
     6.000      3.333      3.250      3.000      0.678      0.000      0.003      0.319      0.000      0.000      1.000
     5.750      3.667      3.750      4.000      0.000      0.000      0.002      0.968      0.028      0.002      4.000
     5.000      3.667      4.250      4.000      0.000      0.000      0.011      0.596      0.387      0.006      4.000
     7.000      3.000      5.000      3.750      0.000      0.000      0.069      0.425      0.487      0.019      5.000
     4.500      3.667      3.500      3.000      0.135      0.000      0.028      0.834      0.003      0.000      4.000
     6.750      2.667      2.750      2.000      0.853      0.147      0.000      0.000      0.000      0.000      1.000
     6.500      4.000      4.000      4.500      0.000      0.000      0.000      0.624      0.076      0.300      4.000
     6.250      4.333      3.750      4.250      0.000      0.000      0.000      0.860      0.022      0.118      4.000
     5.500      2.667      3.750      3.250      0.227      0.000      0.557      0.215      0.002      0.000      3.000
     6.000      4.333      4.000      3.500      0.000      0.000      0.000      0.974      0.016      0.010      4.000
     6.750      3.333      4.250      4.250      0.000      0.000      0.004      0.820      0.143      0.033      4.000
     5.250      3.000      3.250      3.000      0.853      0.000      0.032      0.114      0.000      0.000      1.000
     4.750      3.333      4.500      3.250      0.001      0.000      0.373      0.435      0.190      0.000      4.000
     5.500      3.667      3.500      3.500      0.013      0.000      0.003      0.980      0.004      0.000      4.000
     7.000      3.333      2.000      2.000      0.815      0.185      0.000      0.000      0.000      0.000      1.000
     4.500      3.000      4.000      3.750      0.002      0.000      0.615      0.309      0.074      0.000      3.000
     6.000      4.333      4.250      3.750      0.000      0.000      0.000      0.831      0.076      0.093      4.000
     7.000      3.333      2.500      2.500      0.996      0.002      0.000      0.001      0.000      0.000      1.000
     5.750      3.000      3.750      3.500      0.060      0.000      0.136      0.796      0.008      0.000      4.000
     6.000      3.000      4.000      3.750      0.006      0.000      0.113      0.845      0.036      0.000      4.000
     5.000      4.000      4.000      3.250      0.002      0.000      0.004      0.966      0.029      0.000      4.000
     5.250      3.667      3.500      4.000      0.001      0.000      0.003      0.979      0.017      0.000      4.000
     5.500      4.000      4.250      3.750      0.000      0.000      0.001      0.834      0.149      0.016      4.000
     5.000      3.667      3.750      3.250      0.016      0.000      0.016      0.957      0.010      0.000      4.000
     6.000      3.333      3.250      2.500      0.967      0.000      0.001      0.032      0.000      0.000      1.000
     3.250      2.000      1.750      2.250      0.000      1.000      0.000      0.000      0.000      0.000      2.000
     6.500      5.000      5.000      5.000      0.000      0.000      0.000      0.000      0.001      0.999      6.000
     4.250      4.000      4.000      3.500      0.000      0.000      0.010      0.874      0.116      0.001      4.000
     5.750      2.333      2.750      2.250      0.547      0.453      0.000      0.000      0.000      0.000      1.000
     6.000      3.333      3.750      2.500      0.789      0.000      0.010      0.201      0.000      0.000      1.000
     4.750      2.667      3.500      2.750      0.755      0.001      0.224      0.021      0.000      0.000      1.000
     5.000      4.333      4.000      4.000      0.000      0.000      0.000      0.815      0.146      0.038      4.000
     4.750      4.333      4.500      3.750      0.000      0.000      0.001      0.432      0.514      0.054      5.000
     4.500      3.333      4.000      4.000      0.000      0.000      0.127      0.617      0.255      0.000      4.000
     6.000      4.000      3.500      4.000      0.000      0.000      0.000      0.990      0.007      0.003      4.000
     4.000      3.333      4.000      3.000      0.028      0.000      0.590      0.361      0.021      0.000      3.000
     6.750      4.667      4.000      4.750      0.000      0.000      0.000      0.033      0.005      0.962      6.000
     5.000      2.667      2.750      3.000      0.974      0.016      0.005      0.005      0.000      0.000      1.000
     6.000      4.333      4.000      4.250      0.000      0.000      0.000      0.680      0.072      0.248      4.000
     4.500      3.667      3.750      2.750      0.169      0.000      0.058      0.769      0.004      0.000      4.000
     4.750      3.333      4.750      4.250      0.000      0.000      0.024      0.056      0.916      0.004      5.000
     4.000      2.667      4.000      4.000      0.000      0.000      0.933      0.036      0.031      0.000      3.000
     6.750      4.000      3.500      4.000      0.000      0.000      0.000      0.992      0.003      0.005      4.000
     7.000      5.000      4.500      4.750      0.000      0.000      0.000      0.001      0.001      0.999      6.000
     7.000      4.667      4.750      5.000      0.000      0.000      0.000      0.000      0.001      0.998      6.000
     6.750      3.667      3.250      3.000      0.378      0.000      0.000      0.622      0.000      0.000      4.000
     6.000      4.000      3.500      4.000      0.000      0.000      0.000      0.990      0.007      0.003      4.000
     4.000      3.333      5.000      4.750      0.000      0.000      0.004      0.002      0.991      0.003      5.000
     5.500      3.667      4.000      4.000      0.000      0.000      0.004      0.886      0.106      0.004      4.000
     5.500      4.000      3.750      3.750      0.000      0.000      0.001      0.979      0.019      0.002      4.000
     5.000      4.000      4.000      4.000      0.000      0.000      0.001      0.827      0.162      0.010      4.000
     4.750      4.667      4.250      3.750      0.000      0.000      0.000      0.665      0.238      0.096      4.000
     5.250      4.000      4.250      3.500      0.000      0.000      0.003      0.881      0.112      0.004      4.000
     5.500      2.000      2.250      3.000      0.224      0.775      0.000      0.000      0.000      0.000      2.000
     4.750      3.667      3.500      3.750      0.003      0.000      0.009      0.972      0.016      0.000      4.000
     4.000      3.000      4.500      3.750      0.000      0.000      0.726      0.055      0.219      0.000      3.000
     4.000      2.000      5.000      3.250      0.000      0.000      0.999      0.000      0.001      0.000      3.000
     5.500      3.000      3.250      2.750      0.958      0.000      0.008      0.033      0.000      0.000      1.000
